"Link Youtube","Judul","Nama Channel","Link Channel","View","Waktu","Verifikasi 3"
"https://www.youtube.com/shorts/HN7ZjBKOE8E","Begini Momen Keseruan Raffi dan Nagita Motoran Jajal Tol IKN, Ikut Rombongan Presiden Jokowi","Tribun Travel","https://www.youtube.com/@tribuntravel","61 views","1 hour ago",""
"https://www.youtube.com/watch?v=UStMVr4ctPQ&pp=ygUDaWtu","🔴LIVE - Menilik Tiga Hari Jokowi Tinggal di IKN, Apa Saja yang Masih Kurang?","Kompas.com","https://www.youtube.com/@kompascom","2.8K views","Streamed 30 minutes ago","Verified"
"https://www.youtube.com/shorts/JiS8MnH49Xc","Jokowi Akui Tak Nyenyak Tidur di Istana Garuda IKN Nusantara, Menteri PUPR Ungkap Penyebabnya","POLITIKAL MEDIA","https://www.youtube.com/@politikalmedia6017","106 views","2 hours ago",""
"https://www.youtube.com/shorts/La_i-ZxicV0","HGU Di IKN Sampai 190 Tahun Investor Tetap Tak Mau ? #ikn #iknnusantara #pemerintah #viral #fypシ゚","TJ CUKS","https://www.youtube.com/@tjcuks07","129 views","2 hours ago",""
"https://www.youtube.com/shorts/e56F7rLFHps","Penampakan Ruang Kerja dan Kamar Tidur Jokowi di Istana Garuda IKN, Minim Perabotan","Tribun Solo Official","https://www.youtube.com/@tribunsolo","349 views","2 hours ago",""
"https://www.youtube.com/watch?v=JNFt7vtqw28&pp=ygUDaWtu","Media Asing Soroti Jokowi Ngantor di IKN, Sebut Banyak Bangunan Belum Selesai","Kompas.com","https://www.youtube.com/@kompascom","9.2K views","3 hours ago","Verified"
"https://www.youtube.com/watch?v=C8jNekOEChA&pp=ygUDaWtu","Jokowi Akan Ajak Ratusan Relawan Melihat Pembangunan di IKN","SINDOnews","https://www.youtube.com/@OfficialSINDOnews","625 views","3 hours ago",""
"https://www.youtube.com/shorts/R9-CCM-3wc0","Pengalaman Pertama Jokowi Tiduri Istana Garuda di IKN","Saber_Kukar","https://www.youtube.com/@SaberKukar","267 views","3 hours ago",""
"https://www.youtube.com/watch?v=WIQlV3Z2dYk&pp=ygUDaWtu","SEMAKIN CAKEP‼️ISTANA GARUDA BERDIRI MEGAH, IKN TERKINI,PEMBANGUNAN DILANJUTKAN PRESIDEN SELANJUTNYA","ikhfa story","https://www.youtube.com/@ikhfastory","6.4K views","3 hours ago",""
"https://www.youtube.com/shorts/CaCE2ZaKkcg","Momen Jokowi IKN sedih pekerjaan masih banyak. Pertumbuhan Ekonomi Kalimantan Naik Tinggi Karena IKN","rakyatbiasa saja","https://www.youtube.com/@rakyatbiasa_saja","659 views","4 hours ago",""
"https://www.youtube.com/watch?v=d9r9BBRemPc&pp=ygUDaWtu","SEMAKIN INDAH‼️Begini Penampakan IKN Nusantara Terbaru Jelang HUT RI ke-79","Titik Nol Nusantara","https://www.youtube.com/@TitikNol_Nusantara","23K views","5 hours ago",""
"https://www.youtube.com/watch?v=MDJ-XDPwUsg&pp=ygUDaWtu","Makna Rencana Jokowi Berkantor & Rapat Kabinet di IKN","CNN Indonesia","https://www.youtube.com/@CNNindonesiaOfficial","26K views","5 hours ago","Verified"
"https://www.youtube.com/shorts/KdN6Az3k1-4","Air Keran di IKN Mulai Jalan & Bisa Langsung Diminum!","Ngomongin Uang","https://www.youtube.com/@NgomonginUang","3.6K views","6 hours ago","Verified"
"https://www.youtube.com/shorts/lIUVYd-QX0M","BAKAL SERING NEMUIN BARANG INI DI IKN!","Railingku Project","https://www.youtube.com/@RailingkuProject","3.4K views","6 hours ago",""
"https://www.youtube.com/watch?v=z-3BI0jOgJw&pp=ygUDaWtu","IKN Akhir Juli 2024! Menuju Upacara Kemerdekaan di IKN, Suasana pagi hari menyejukan hati","DIAN RANA","https://www.youtube.com/@DIAN_RANA","24K views","6 hours ago","Verified"
"https://www.youtube.com/shorts/H63zv4_bgBE","Alasan di Balik Jokowi Ajak Influencer ke IKN","Tribun Gayo","https://www.youtube.com/@TribunGayo","438 views","6 hours ago",""
"https://www.youtube.com/watch?v=AXrho4X0eo0&pp=ygUDaWtu","SEMAKIN CANTIK‼️KAWASAN ISTANA GARUDA TERTATA RAPI,UJICOBA TAXI TERBANG,UPDATE IKN TERBARU HARI INI","Mata PROYEK","https://www.youtube.com/@mataPROYEK","65K views","7 hours ago",""
"https://www.youtube.com/shorts/Lxb0CuHDECo","Presiden Jokowi Sebut 300an Investor akan masuk ke IKN #jokowi  #ikn   #influencer","YT Android","https://www.youtube.com/@YTAndroidMessi","849 views","7 hours ago",""
"https://www.youtube.com/watch?v=PHmXyOSLVfU&pp=ygUDaWtu","JALAN TOL IKN ! Progres jalan tol segmen 3A di km 11 ibu kota nusantara","PANIYANTO-IKN","https://www.youtube.com/@PANIYANTOIKN","2.8K views","7 hours ago",""
"https://www.youtube.com/watch?v=NlAe-7ZvMJc&pp=ygUDaWtu","Selesai! Pengaspalan Fly Over dan Jalan Keliling Istana Garuda IKN!","INFO PAGI","https://www.youtube.com/@info_pagi","8.5K views","7 hours ago","Verified"
"https://www.youtube.com/shorts/e56F7rLFHps","Penampakan Ruang Kerja dan Kamar Tidur Jokowi di Istana Garuda IKN, Minim Perabotan","Tribun Solo Official","https://www.youtube.com/@tribunsolo","349 views","2 hours ago",""
"https://www.youtube.com/watch?v=JNFt7vtqw28&pp=ygUDaWtu","Media Asing Soroti Jokowi Ngantor di IKN, Sebut Banyak Bangunan Belum Selesai","Kompas.com","https://www.youtube.com/@kompascom","9.2K views","3 hours ago","Verified"
"https://www.youtube.com/watch?v=C8jNekOEChA&pp=ygUDaWtu","Jokowi Akan Ajak Ratusan Relawan Melihat Pembangunan di IKN","SINDOnews","https://www.youtube.com/@OfficialSINDOnews","625 views","3 hours ago",""
"https://www.youtube.com/shorts/R9-CCM-3wc0","Pengalaman Pertama Jokowi Tiduri Istana Garuda di IKN","Saber_Kukar","https://www.youtube.com/@SaberKukar","267 views","3 hours ago",""
"https://www.youtube.com/watch?v=WIQlV3Z2dYk&pp=ygUDaWtu","SEMAKIN CAKEP‼️ISTANA GARUDA BERDIRI MEGAH, IKN TERKINI,PEMBANGUNAN DILANJUTKAN PRESIDEN SELANJUTNYA","ikhfa story","https://www.youtube.com/@ikhfastory","6.4K views","3 hours ago",""
"https://www.youtube.com/shorts/CaCE2ZaKkcg","Momen Jokowi IKN sedih pekerjaan masih banyak. Pertumbuhan Ekonomi Kalimantan Naik Tinggi Karena IKN","rakyatbiasa saja","https://www.youtube.com/@rakyatbiasa_saja","659 views","4 hours ago",""
"https://www.youtube.com/watch?v=d9r9BBRemPc&pp=ygUDaWtu","SEMAKIN INDAH‼️Begini Penampakan IKN Nusantara Terbaru Jelang HUT RI ke-79","Titik Nol Nusantara","https://www.youtube.com/@TitikNol_Nusantara","23K views","5 hours ago",""
"https://www.youtube.com/watch?v=MDJ-XDPwUsg&pp=ygUDaWtu","Makna Rencana Jokowi Berkantor & Rapat Kabinet di IKN","CNN Indonesia","https://www.youtube.com/@CNNindonesiaOfficial","26K views","5 hours ago","Verified"
"https://www.youtube.com/shorts/KdN6Az3k1-4","Air Keran di IKN Mulai Jalan & Bisa Langsung Diminum!","Ngomongin Uang","https://www.youtube.com/@NgomonginUang","3.6K views","6 hours ago","Verified"
"https://www.youtube.com/shorts/lIUVYd-QX0M","BAKAL SERING NEMUIN BARANG INI DI IKN!","Railingku Project","https://www.youtube.com/@RailingkuProject","3.4K views","6 hours ago",""
"https://www.youtube.com/watch?v=z-3BI0jOgJw&pp=ygUDaWtu","IKN Akhir Juli 2024! Menuju Upacara Kemerdekaan di IKN, Suasana pagi hari menyejukan hati","DIAN RANA","https://www.youtube.com/@DIAN_RANA","24K views","6 hours ago","Verified"
"https://www.youtube.com/shorts/H63zv4_bgBE","Alasan di Balik Jokowi Ajak Influencer ke IKN","Tribun Gayo","https://www.youtube.com/@TribunGayo","438 views","6 hours ago",""
"https://www.youtube.com/watch?v=AXrho4X0eo0&pp=ygUDaWtu","SEMAKIN CANTIK‼️KAWASAN ISTANA GARUDA TERTATA RAPI,UJICOBA TAXI TERBANG,UPDATE IKN TERBARU HARI INI","Mata PROYEK","https://www.youtube.com/@mataPROYEK","65K views","7 hours ago",""
"https://www.youtube.com/shorts/Lxb0CuHDECo","Presiden Jokowi Sebut 300an Investor akan masuk ke IKN #jokowi  #ikn   #influencer","YT Android","https://www.youtube.com/@YTAndroidMessi","849 views","7 hours ago",""
"https://www.youtube.com/watch?v=PHmXyOSLVfU&pp=ygUDaWtu","JALAN TOL IKN ! Progres jalan tol segmen 3A di km 11 ibu kota nusantara","PANIYANTO-IKN","https://www.youtube.com/@PANIYANTOIKN","2.8K views","7 hours ago",""
"https://www.youtube.com/watch?v=NlAe-7ZvMJc&pp=ygUDaWtu","Selesai! Pengaspalan Fly Over dan Jalan Keliling Istana Garuda IKN!","INFO PAGI","https://www.youtube.com/@info_pagi","8.5K views","7 hours ago","Verified"
"https://www.youtube.com/watch?v=J3V3ZI5AL9s&pp=ygUDaWtu","Bandara IKN Baru 50%, Dipastikan Tidak Bisa Digunakan Pada 17 Agustus | Liputan6","Liputan6","https://www.youtube.com/@liputan6_news","8.3K views","8 hours ago","Verified"
"https://www.youtube.com/shorts/AwaAmEDuWlk","MOMENT SAAT RAFFI AHMAD DI AJAK JOKOWI MELIHAT IKN NUSANTARA #shorts","Mr Endogen","https://www.youtube.com/@mrendogen3913","503 views","8 hours ago",""
"https://www.youtube.com/watch?v=LNBZC8AtOqg&pp=ygUDaWtu","IKN Terbaru Hari ini‼️Update Pak Bas Meninjau Progres Istana Negara IKN & Update Mess Paspampres IKN","Indonesia Terbarukan 🇮🇩","https://www.youtube.com/@indonesiaterbarukan","8.2K views","8 hours ago",""
"https://www.youtube.com/shorts/pOQIGe_wqZA","Artis Jalan-jalan Ke IKN Diajak Bapak Semoga Betah Ya #artis #influencer #presiden #ikn #shortvideo","PJ CUKS","https://www.youtube.com/@pjcuks778","2.8K views","8 hours ago",""
"https://www.youtube.com/shorts/1JEQJAcpIgw","Makan Mewah Di IKN VS Makan Bergizi Gratis Rp 7500 #makangratis #ikn #iknnusantara #pemerintah #fyp","DJ CUKS","https://www.youtube.com/@Djcuks","2.9K views","9 hours ago",""
"https://www.youtube.com/shorts/KMpxOHxYFI8","keseruan makan malam di ikn #rayyanza #rafathar #raffiahmad #nagitaslavina","Rai Errol new","https://www.youtube.com/@raierrolnew","1.2K views","9 hours ago",""
"https://www.youtube.com/shorts/54GadmgaZ64","Istana Bantah Presiden Jokowi Lantik Menteri Baru di IKN #jokowi #ikn","TVRI Nasional","https://www.youtube.com/@TVRINasional","638 views","10 hours ago","Verified"
"https://www.youtube.com/watch?v=pjn3_PLesGY&pp=ygUDaWtu","Kemenhub Uji Coba Kereta Otonom di IKN","METRO TV","https://www.youtube.com/@metrotvnews","9.8K views","10 hours ago","Verified"
"https://www.youtube.com/shorts/qFP-mYFQs4E","SHORT Jokowi Tak Nyenyak Tidur di Istana Baru IKN, Basuki Sebut Gegara AC Ruangan","Tribun Timur","https://www.youtube.com/@tribuntimur","1.7K views","11 hours ago","Verified"
"https://www.youtube.com/watch?v=e74Oc-ovGic&pp=ygUDaWtu","Kadin Kaltim Minta Pengusaha Lokal Dilibatkan dalam Pembangunan IKN | Liputan 6","Liputan6","https://www.youtube.com/@liputan6_news","3K views","11 hours ago","Verified"
"https://www.youtube.com/watch?v=FyRMdISAH84&pp=ygUDaWtu","Merasakan suasana hunian ASN di IKN","Antara TV Indonesia","https://www.youtube.com/@antaratv","498 views","11 hours ago","Verified"
"https://www.youtube.com/watch?v=OSqcp4Se7mQ&pp=ygUDaWtu","Mazdjo Pray | SAMPAI AJAK ARTIS KE IKN, JOKOWI FRUSTASI? | Eselon Dua | #015","YouthTV Indonesia","https://www.youtube.com/@youthtvindonesia","39K views","11 hours ago","Verified"
"https://www.youtube.com/watch?v=mvdh3nBKlek&pp=ygUDaWtu","Deretan Transportasi Canggih IKN, Mulai dari Trem Otonom hingga Taksi Terbang","Harian Kompas","https://www.youtube.com/@HarianKompasCetak","1.3K views","11 hours ago","Verified"
"https://www.youtube.com/shorts/lRybupemqFA","Alasan Presiden Jokowi Ajak Artis & Influencer Berkunjung ke IKN, Transparansi Publik","Tribun Kaltara Official","https://www.youtube.com/@tribunkaltara","1.3K views","11 hours ago",""
"https://www.youtube.com/watch?v=0MBzWB-MMhQ&pp=ygUDaWtu","Malaysia Ketar-Ketir, Bahas IKN Nusantara.. Apa Alasanya..??","Kurnia FM","https://www.youtube.com/@radiokurniafm","24K views","12 hours ago","Verified"
"https://www.youtube.com/watch?v=JbskChpmTbg&pp=ygUDaWtu","Momen JOKOWI Tinjau HOTEL Pertama di IKN dan Perjuangan BASUKI & Tim Sediakan Air Minum Utk IKN","berita surakarta","https://www.youtube.com/@beritasurakarta","53K views","12 hours ago","Verified"
"https://www.youtube.com/watch?v=Czt5sAGIBLI&pp=ygUDaWtu","Rute Wisata Kapal Pinisi ke IKN Nusantara, Mulai Berlayar 1 Agustus 2024, Disiapkan 1 Kapal Lagi","Tribun Kaltim Official","https://www.youtube.com/@tribunkaltimofficial","5.3K views","12 hours ago","Verified"
"https://www.youtube.com/shorts/hdID7JpGPIM","#VIRAL infrastrukut serta pendukung untuk ikn telah siap #ikn #nusantara #ytshortsvideo #short","Cerita Aji Mumpung","https://www.youtube.com/@ceritaajimumpung9282","749 views","12 hours ago",""
"https://www.youtube.com/watch?v=q2U4tdNuygw&pp=ygUDaWtu","IKN Terbaru Hari ini‼️Update Memorial Park IKN & Bukit Bendera IKN 🇮🇩 Penjelasan Pak Nyoman Nuarta","Indonesia Terbarukan 🇮🇩","https://www.youtube.com/@indonesiaterbarukan","17K views","12 hours ago",""
"https://www.youtube.com/watch?v=OuLI9YiygUc&pp=ygUDaWtu","Mengintip Suasana Rusun ASN di IKN, Usung Konsep Rumah Pintar","Kompas.com","https://www.youtube.com/@kompascom","7.5K views","13 hours ago","Verified"
"https://www.youtube.com/shorts/AwaAmEDuWlk","MOMENT SAAT RAFFI AHMAD DI AJAK JOKOWI MELIHAT IKN NUSANTARA #shorts","Mr Endogen","https://www.youtube.com/@mrendogen3913","503 views","8 hours ago",""
"https://www.youtube.com/watch?v=LNBZC8AtOqg&pp=ygUDaWtu","IKN Terbaru Hari ini‼️Update Pak Bas Meninjau Progres Istana Negara IKN & Update Mess Paspampres IKN","Indonesia Terbarukan 🇮🇩","https://www.youtube.com/@indonesiaterbarukan","8.2K views","8 hours ago",""
"https://www.youtube.com/shorts/pOQIGe_wqZA","Artis Jalan-jalan Ke IKN Diajak Bapak Semoga Betah Ya #artis #influencer #presiden #ikn #shortvideo","PJ CUKS","https://www.youtube.com/@pjcuks778","2.8K views","8 hours ago",""
"https://www.youtube.com/shorts/1JEQJAcpIgw","Makan Mewah Di IKN VS Makan Bergizi Gratis Rp 7500 #makangratis #ikn #iknnusantara #pemerintah #fyp","DJ CUKS","https://www.youtube.com/@Djcuks","2.9K views","9 hours ago",""
"https://www.youtube.com/shorts/KMpxOHxYFI8","keseruan makan malam di ikn #rayyanza #rafathar #raffiahmad #nagitaslavina","Rai Errol new","https://www.youtube.com/@raierrolnew","1.2K views","9 hours ago",""
"https://www.youtube.com/shorts/54GadmgaZ64","Istana Bantah Presiden Jokowi Lantik Menteri Baru di IKN #jokowi #ikn","TVRI Nasional","https://www.youtube.com/@TVRINasional","638 views","10 hours ago","Verified"
"https://www.youtube.com/watch?v=pjn3_PLesGY&pp=ygUDaWtu","Kemenhub Uji Coba Kereta Otonom di IKN","METRO TV","https://www.youtube.com/@metrotvnews","9.8K views","10 hours ago","Verified"
"https://www.youtube.com/shorts/qFP-mYFQs4E","SHORT Jokowi Tak Nyenyak Tidur di Istana Baru IKN, Basuki Sebut Gegara AC Ruangan","Tribun Timur","https://www.youtube.com/@tribuntimur","1.7K views","11 hours ago","Verified"
"https://www.youtube.com/watch?v=e74Oc-ovGic&pp=ygUDaWtu","Kadin Kaltim Minta Pengusaha Lokal Dilibatkan dalam Pembangunan IKN | Liputan 6","Liputan6","https://www.youtube.com/@liputan6_news","3K views","11 hours ago","Verified"
"https://www.youtube.com/watch?v=FyRMdISAH84&pp=ygUDaWtu","Merasakan suasana hunian ASN di IKN","Antara TV Indonesia","https://www.youtube.com/@antaratv","498 views","11 hours ago","Verified"
"https://www.youtube.com/watch?v=OSqcp4Se7mQ&pp=ygUDaWtu","Mazdjo Pray | SAMPAI AJAK ARTIS KE IKN, JOKOWI FRUSTASI? | Eselon Dua | #015","YouthTV Indonesia","https://www.youtube.com/@youthtvindonesia","39K views","11 hours ago","Verified"
"https://www.youtube.com/watch?v=mvdh3nBKlek&pp=ygUDaWtu","Deretan Transportasi Canggih IKN, Mulai dari Trem Otonom hingga Taksi Terbang","Harian Kompas","https://www.youtube.com/@HarianKompasCetak","1.3K views","11 hours ago","Verified"
"https://www.youtube.com/shorts/lRybupemqFA","Alasan Presiden Jokowi Ajak Artis & Influencer Berkunjung ke IKN, Transparansi Publik","Tribun Kaltara Official","https://www.youtube.com/@tribunkaltara","1.3K views","11 hours ago",""
"https://www.youtube.com/watch?v=0MBzWB-MMhQ&pp=ygUDaWtu","Malaysia Ketar-Ketir, Bahas IKN Nusantara.. Apa Alasanya..??","Kurnia FM","https://www.youtube.com/@radiokurniafm","24K views","12 hours ago","Verified"
"https://www.youtube.com/watch?v=JbskChpmTbg&pp=ygUDaWtu","Momen JOKOWI Tinjau HOTEL Pertama di IKN dan Perjuangan BASUKI & Tim Sediakan Air Minum Utk IKN","berita surakarta","https://www.youtube.com/@beritasurakarta","53K views","12 hours ago","Verified"
"https://www.youtube.com/watch?v=Czt5sAGIBLI&pp=ygUDaWtu","Rute Wisata Kapal Pinisi ke IKN Nusantara, Mulai Berlayar 1 Agustus 2024, Disiapkan 1 Kapal Lagi","Tribun Kaltim Official","https://www.youtube.com/@tribunkaltimofficial","5.3K views","12 hours ago","Verified"
"https://www.youtube.com/shorts/hdID7JpGPIM","#VIRAL infrastrukut serta pendukung untuk ikn telah siap #ikn #nusantara #ytshortsvideo #short","Cerita Aji Mumpung","https://www.youtube.com/@ceritaajimumpung9282","749 views","12 hours ago",""
"https://www.youtube.com/watch?v=q2U4tdNuygw&pp=ygUDaWtu","IKN Terbaru Hari ini‼️Update Memorial Park IKN & Bukit Bendera IKN 🇮🇩 Penjelasan Pak Nyoman Nuarta","Indonesia Terbarukan 🇮🇩","https://www.youtube.com/@indonesiaterbarukan","17K views","12 hours ago",""
"https://www.youtube.com/watch?v=OuLI9YiygUc&pp=ygUDaWtu","Mengintip Suasana Rusun ASN di IKN, Usung Konsep Rumah Pintar","Kompas.com","https://www.youtube.com/@kompascom","7.5K views","13 hours ago","Verified"
"https://www.youtube.com/watch?v=36U-NE1Thhw&pp=ygUDaWtu","Update IKN Terkini ‼️ Pantauan Terkini  Kawasan Istana Garuda Istana Negara Memorial Park dan KIPP","SARJANA PRAMUKA","https://www.youtube.com/@sarjanapramuka","9K views","12 hours ago",""
"https://www.youtube.com/watch?v=K0l1GxvghQI&pp=ygUDaWtu","Tuah Jokowi Berkantor di IKN","KabarBursaCom","https://www.youtube.com/@kabarbursacom","24K views","13 hours ago",""
"https://www.youtube.com/watch?v=31QMl9jyu5o&pp=ygUDaWtu","IKN HARI INI‼️SUASANA PAGI HARI!! Bapak RI 1 Jokowidodo Berkantor Di Istana Garuda Jelang HUT RI 79.","Travelling ikn","https://www.youtube.com/@Febri839","69K views","13 hours ago",""
"https://www.youtube.com/watch?v=nxVVqX-boMo&pp=ygUDaWtu","Ini Alasan Jokowi Gak Nyenyak Tidur di IKN [Metro Pagi Primetime]","METRO TV","https://www.youtube.com/@metrotvnews","1.6K views","14 hours ago","Verified"
"https://www.youtube.com/watch?v=ICs5IKYg1cA&pp=ygUDaWtu","Demi Keberlanjutan, Prabowo Siap Ngantor di IKN? [Metro Pagi Primetime]","METRO TV","https://www.youtube.com/@metrotvnews","1.7K views","14 hours ago","Verified"
"https://www.youtube.com/watch?v=n2D3lFQqhLs&pp=ygUDaWtu","Kembali ke Jakarta, Apa yang Dilakukan Jokowi Selama 3 Hari di IKN?","Kompas.com","https://www.youtube.com/@kompascom","4.9K views","14 hours ago","Verified"
"https://www.youtube.com/shorts/18ShHboqtQA","Motoran Bareng Jokowi di IKN, Atta Halilintar Bersyukur Bisa Jalin Hubungan Baik.","CAPTIAN ALIEF","https://www.youtube.com/@captianalief1462","992 views","15 hours ago",""
"https://www.youtube.com/watch?v=oEpPrMnEoR8&pp=ygUDaWtu","IKN HARI INI‼️Update Tampilan Meorial Park Dengan 2 Sayap Pelindung & Patung Soekarno-Hatta","BorneoTube","https://www.youtube.com/@BorneoTube","9.9K views","15 hours ago",""
"https://www.youtube.com/shorts/h1YXAuLU1rs","Wapres Terpilih Gibran akan ke IKN setelah 17 Agustus, Ingin Lihat Potensi Investasi #shorts","KompasTV Pontianak","https://www.youtube.com/@KompasTVPontianak","5.6K views","15 hours ago","Verified"
"https://www.youtube.com/watch?v=aBSRPpZyWCA&pp=ygUDaWtu","Air mengalir di IKN","KemenPUPR","https://www.youtube.com/@KemenPUPR","1.1K views","15 hours ago","Verified"
"https://www.youtube.com/shorts/CbhYz-EDJvc","Jokowi Pamer Ngantor di IKN, Ini Dia Ruang Kantornya & Kamar TidurJokowi Pamer Ngantor di IKN","Penida official","https://www.youtube.com/@penida_official05","808 views","15 hours ago",""
"https://www.youtube.com/shorts/BTB7Tdjqqeo","Rumah Tapak Jabatan Menteri (RTJM) di Ibu Kota Negara (IKN) Penajam Paser Utara Kaltim Video Terbaru","Bambang TW","https://www.youtube.com/@AkuBetewe","420 views","16 hours ago",""
"https://www.youtube.com/shorts/rZkf9O2OlSQ","Jokowi Pamerkan Ruang Kerja dan Kamar Tidurnya di Istana IKN #shorts","Sinau Saham","https://www.youtube.com/@Rindank77","4.1K views","16 hours ago",""
"https://www.youtube.com/watch?v=OISowj4eRtA&pp=ygUDaWtu","Terungkap “Spesifikasi Gagah” Motor Presiden Jokowi saat Tinjau Jalan di IKN","Warta Kota Production","https://www.youtube.com/@WARTAKOTAPRODUCTION","3K views","16 hours ago","Verified"
"https://www.youtube.com/shorts/ZvFYPJaPetE","Terungkap “Spesifikasi Gagah” Motor Presiden Jokowi saat Tinjau Jalan di IKN","Warta Kota Production","https://www.youtube.com/@WARTAKOTAPRODUCTION","1.4K views","16 hours ago","Verified"
"https://www.youtube.com/watch?v=XjfIT1N81ME&pp=ygUDaWtu","IKN TERBARU‼️KEMEGAHAN SUDAH NAMPAK, ISTANA GARUDA, ISTANA NEGARA, IBUKOTA NUSANTARA, PERBEDAAN NAMA","ikhfa story","https://www.youtube.com/@ikhfastory","43K views","16 hours ago",""
"https://www.youtube.com/shorts/Btf3rAWeqaw","TINGGINYA TIANG BENDERA DI BUKIT BENDERA IKN","Elang Cahaya","https://www.youtube.com/@elangcahaya","7.8K views","17 hours ago",""
"https://www.youtube.com/watch?v=kv_tWZvyQdw&t=13s&pp=ygUDaWtu","Sejumlah Agenda Presiden Jokowi saat 'Ngantor'di IKN | AKIP tvOne","tvOneNews","https://www.youtube.com/@tvOneNews","4.8K views","18 hours ago",""
"https://www.youtube.com/watch?v=fVkoHXl_r3k&pp=ygUDaWtu","Wujud Terbaru Hotel Nusantara di IKN! Siap Diresmikan 17 Agustus 2024","Kompascom Reporter on Location","https://www.youtube.com/@kompascomreport","17K views","22 hours ago","Verified"
"https://www.youtube.com/watch?v=o9Sn_UJyTI0&pp=ygUDaWtu","🔴LIVE - Indonesia Juara Piala AFF U19 | Jokowi Pamer Istana Garuda IKN | Kepala BP2MI Ungkap Sosok T","Kompas.com","https://www.youtube.com/@kompascom","2K views","Streamed 1 day ago","Verified"
"https://www.youtube.com/watch?v=K0l1GxvghQI&pp=ygUDaWtu","Tuah Jokowi Berkantor di IKN","KabarBursaCom","https://www.youtube.com/@kabarbursacom","24K views","13 hours ago",""
"https://www.youtube.com/watch?v=31QMl9jyu5o&pp=ygUDaWtu","IKN HARI INI‼️SUASANA PAGI HARI!! Bapak RI 1 Jokowidodo Berkantor Di Istana Garuda Jelang HUT RI 79.","Travelling ikn","https://www.youtube.com/@Febri839","69K views","13 hours ago",""
"https://www.youtube.com/watch?v=nxVVqX-boMo&pp=ygUDaWtu","Ini Alasan Jokowi Gak Nyenyak Tidur di IKN [Metro Pagi Primetime]","METRO TV","https://www.youtube.com/@metrotvnews","1.6K views","14 hours ago","Verified"
"https://www.youtube.com/watch?v=ICs5IKYg1cA&pp=ygUDaWtu","Demi Keberlanjutan, Prabowo Siap Ngantor di IKN? [Metro Pagi Primetime]","METRO TV","https://www.youtube.com/@metrotvnews","1.7K views","14 hours ago","Verified"
"https://www.youtube.com/watch?v=n2D3lFQqhLs&pp=ygUDaWtu","Kembali ke Jakarta, Apa yang Dilakukan Jokowi Selama 3 Hari di IKN?","Kompas.com","https://www.youtube.com/@kompascom","4.9K views","14 hours ago","Verified"
"https://www.youtube.com/shorts/18ShHboqtQA","Motoran Bareng Jokowi di IKN, Atta Halilintar Bersyukur Bisa Jalin Hubungan Baik.","CAPTIAN ALIEF","https://www.youtube.com/@captianalief1462","992 views","15 hours ago",""
"https://www.youtube.com/watch?v=oEpPrMnEoR8&pp=ygUDaWtu","IKN HARI INI‼️Update Tampilan Meorial Park Dengan 2 Sayap Pelindung & Patung Soekarno-Hatta","BorneoTube","https://www.youtube.com/@BorneoTube","9.9K views","15 hours ago",""
"https://www.youtube.com/shorts/h1YXAuLU1rs","Wapres Terpilih Gibran akan ke IKN setelah 17 Agustus, Ingin Lihat Potensi Investasi #shorts","KompasTV Pontianak","https://www.youtube.com/@KompasTVPontianak","5.6K views","15 hours ago","Verified"
"https://www.youtube.com/watch?v=aBSRPpZyWCA&pp=ygUDaWtu","Air mengalir di IKN","KemenPUPR","https://www.youtube.com/@KemenPUPR","1.1K views","15 hours ago","Verified"
"https://www.youtube.com/shorts/CbhYz-EDJvc","Jokowi Pamer Ngantor di IKN, Ini Dia Ruang Kantornya & Kamar TidurJokowi Pamer Ngantor di IKN","Penida official","https://www.youtube.com/@penida_official05","808 views","15 hours ago",""
"https://www.youtube.com/shorts/BTB7Tdjqqeo","Rumah Tapak Jabatan Menteri (RTJM) di Ibu Kota Negara (IKN) Penajam Paser Utara Kaltim Video Terbaru","Bambang TW","https://www.youtube.com/@AkuBetewe","420 views","16 hours ago",""
"https://www.youtube.com/shorts/rZkf9O2OlSQ","Jokowi Pamerkan Ruang Kerja dan Kamar Tidurnya di Istana IKN #shorts","Sinau Saham","https://www.youtube.com/@Rindank77","4.1K views","16 hours ago",""
"https://www.youtube.com/watch?v=OISowj4eRtA&pp=ygUDaWtu","Terungkap “Spesifikasi Gagah” Motor Presiden Jokowi saat Tinjau Jalan di IKN","Warta Kota Production","https://www.youtube.com/@WARTAKOTAPRODUCTION","3K views","16 hours ago","Verified"
"https://www.youtube.com/shorts/ZvFYPJaPetE","Terungkap “Spesifikasi Gagah” Motor Presiden Jokowi saat Tinjau Jalan di IKN","Warta Kota Production","https://www.youtube.com/@WARTAKOTAPRODUCTION","1.4K views","16 hours ago","Verified"
"https://www.youtube.com/watch?v=XjfIT1N81ME&pp=ygUDaWtu","IKN TERBARU‼️KEMEGAHAN SUDAH NAMPAK, ISTANA GARUDA, ISTANA NEGARA, IBUKOTA NUSANTARA, PERBEDAAN NAMA","ikhfa story","https://www.youtube.com/@ikhfastory","43K views","16 hours ago",""
"https://www.youtube.com/shorts/Btf3rAWeqaw","TINGGINYA TIANG BENDERA DI BUKIT BENDERA IKN","Elang Cahaya","https://www.youtube.com/@elangcahaya","7.8K views","17 hours ago",""
"https://www.youtube.com/watch?v=kv_tWZvyQdw&t=13s&pp=ygUDaWtu","Sejumlah Agenda Presiden Jokowi saat 'Ngantor'di IKN | AKIP tvOne","tvOneNews","https://www.youtube.com/@tvOneNews","4.8K views","18 hours ago",""
"https://www.youtube.com/watch?v=fVkoHXl_r3k&pp=ygUDaWtu","Wujud Terbaru Hotel Nusantara di IKN! Siap Diresmikan 17 Agustus 2024","Kompascom Reporter on Location","https://www.youtube.com/@kompascomreport","17K views","22 hours ago","Verified"
"https://www.youtube.com/watch?v=o9Sn_UJyTI0&pp=ygUDaWtu","🔴LIVE - Indonesia Juara Piala AFF U19 | Jokowi Pamer Istana Garuda IKN | Kepala BP2MI Ungkap Sosok T","Kompas.com","https://www.youtube.com/@kompascom","2K views","Streamed 1 day ago","Verified"
"https://www.youtube.com/shorts/EVxY3Xa7Nq8","Presiden Bawa Artis Ke IKN Apa Urgensinya ? #presiden #ikn #iknnusantara #pemerintah #artis #fypシ゚","TJ CUKS","https://www.youtube.com/@tjcuks07","5.8K views","1 day ago",""
"https://www.youtube.com/watch?v=6KapiVHTHRM&pp=ygUDaWtu","IKN Terkini!! Update Hunian Modular TNI dan Jalan TOL IKN Segmen 5B","Robie Mrg","https://www.youtube.com/@Robie_Mrg","19K views","1 day ago",""
"https://www.youtube.com/watch?v=OYyoxYjPPdU&pp=ygUDaWtu","Kemenhub Akan Uji Coba Autonomous ART di IKN Nusantara","METRO TV","https://www.youtube.com/@metrotvnews","29K views","1 day ago","Verified"
"https://www.youtube.com/watch?v=pJO4_JtXil8&pp=ygUDaWtu","Jokowi Pamer Ruang Kerja dan Kamar Tidur di IKN | Beritasatu","BeritaSatu","https://www.youtube.com/@BeritaSatuChannel","34K views","1 day ago","Verified"
"https://www.youtube.com/watch?v=XVtP7mHVKyM&pp=ygUDaWtu","Dua BUMN China CRRC Saling Berkompetisi dalam Uji Coba ART IKN","Kompas.com","https://www.youtube.com/@kompascom","15K views","1 day ago","Verified"
"https://www.youtube.com/watch?v=12vyaneXEf4&pp=ygUDaWtu","SEMAKIN MENDUNIA‼️TENDA & PANGGUNG RAKSASA TERPASANG BAIK,TEST AIR MINUM IKN,UPDATE IKN TERBARU","Mata PROYEK","https://www.youtube.com/@mataPROYEK","26K views","1 day ago",""
"https://www.youtube.com/watch?v=fC9iGq-jE04&pp=ygUDaWtu","Wujud Terbaru Hotel Nusantara di IKN! Siap Diresmikan 17 Agustus 2024","Kompas.com","https://www.youtube.com/@kompascom","62K views","1 day ago","Verified"
"https://www.youtube.com/watch?v=ZL35TMlRtuI&pp=ygUDaWtu","IKN Bakal Dihuni Ribuan Orang, Bagaimana Strategi Pemenuhan Pangannya?","Harian Kompas","https://www.youtube.com/@HarianKompasCetak","12K views","1 day ago","Verified"
"https://www.youtube.com/watch?v=uCQ0hvKeMQs&pp=ygUDaWtu","CAKEP‼️IKN TERKINI, SEMAKIN NYATA DIDEPAN MATA, JELANG UPACARA HUT RI KE-79 DI IKN, DAMPAK BAIK IKN","ikhfa story","https://www.youtube.com/@ikhfastory","12K views","1 day ago",""
"https://www.youtube.com/shorts/AnmiZmKdO18","JEHANSYAH & SULFIKAR - EVALUASI KRITIS IKN","Obrolan Meja Bundar","https://www.youtube.com/@OMB.official","582 views","1 day ago",""
"https://www.youtube.com/watch?v=oIsikpjT6FM&pp=ygUDaWtu","Penampakan Meja Kerja dan Tempat Tidur Jokowi di Istana Garuda IKN","Kompascom Reporter on Location","https://www.youtube.com/@kompascomreport","35K views","1 day ago","Verified"
"https://www.youtube.com/watch?v=mUxy4sdD1C0&pp=ygUDaWtu","10 KONGLOMERAT BANTU JOKOWI BANGUN IKN !! ORANG TERKAYA DI INDONESIA","Republika Mahasiswa","https://www.youtube.com/@RepublikaMahasiswa","129K views","1 day ago","Verified"
"https://www.youtube.com/shorts/dTL-KskVZFU","Curhatan Presiden Jokowi Ngaku Tak Bisa Tidur Nyenyak saat Bekerja di IKN, Singgung Hal Ini!","Tribun Banten","https://www.youtube.com/@tribunbanten","2.3K views","1 day ago",""
"https://www.youtube.com/watch?v=0T5tNQMdnf4&pp=ygUDaWtu","Mulai 1 Agustus, Kapal Pinisi Resmi Berlayar di IKN","Kompascom Reporter on Location","https://www.youtube.com/@kompascomreport","3.1K views","1 day ago","Verified"
"https://www.youtube.com/watch?v=KAGwCrGhFC0&t=22s&pp=ygUDaWtu","Mulai Berkantor di IKN, Jokowi Terima Kunjungan Kadin dan Hipmi Kaltim di Istana Negara","Harian Surya","https://www.youtube.com/@TribunnewsSurya","2.5K views","1 day ago",""
"https://www.youtube.com/shorts/oIzViMzIxNw","Jokowi Tidak Nyenyak, Gibran Batal Ke IKN ?","ROOMINESIA","https://www.youtube.com/@Korban-Ghosting","6.6K views","1 day ago",""
"https://www.youtube.com/shorts/cg_PErXtQmg","Gibran Berencana ke IKN Ingin Cek Pembangunan di Luar Pemerintahanan #ikn #shorts","KOMPASTV","https://www.youtube.com/@kompastv","8.3K views","1 day ago","Verified"
"https://www.youtube.com/watch?v=tcsLrvp19u4&t=22s&pp=ygUDaWtu","Afton | JOKOWI MAKSAIN RAPAT KABINET DI IKN, BEGINI HASILNYA | Gus Konoha | #008","YouthTV Indonesia","https://www.youtube.com/@youthtvindonesia","15K views","1 day ago","Verified"
"https://www.youtube.com/watch?v=7t1-cJuNjoc&pp=ygUDaWtu","Jokowi Tidur Tak Nyenyak di IKN, Gibran: Tanyakan Lagi Hari Ini","CNN Indonesia","https://www.youtube.com/@CNNindonesiaOfficial","58K views","1 day ago","Verified"
"https://www.youtube.com/watch?v=yBKIJePVr2I&pp=ygUDaWtu","IKN BENERAN NYATA❗️Penampakan IKN Begitu Indah Padahal Belum Sepenuhnya Rampung","Titik Nol Nusantara","https://www.youtube.com/@TitikNol_Nusantara","28K views","1 day ago",""
"https://www.youtube.com/watch?v=6KapiVHTHRM&pp=ygUDaWtu","IKN Terkini!! Update Hunian Modular TNI dan Jalan TOL IKN Segmen 5B","Robie Mrg","https://www.youtube.com/@Robie_Mrg","19K views","1 day ago",""
"https://www.youtube.com/watch?v=OYyoxYjPPdU&pp=ygUDaWtu","Kemenhub Akan Uji Coba Autonomous ART di IKN Nusantara","METRO TV","https://www.youtube.com/@metrotvnews","29K views","1 day ago","Verified"
"https://www.youtube.com/watch?v=pJO4_JtXil8&pp=ygUDaWtu","Jokowi Pamer Ruang Kerja dan Kamar Tidur di IKN | Beritasatu","BeritaSatu","https://www.youtube.com/@BeritaSatuChannel","34K views","1 day ago","Verified"
"https://www.youtube.com/watch?v=XVtP7mHVKyM&pp=ygUDaWtu","Dua BUMN China CRRC Saling Berkompetisi dalam Uji Coba ART IKN","Kompas.com","https://www.youtube.com/@kompascom","15K views","1 day ago","Verified"
"https://www.youtube.com/watch?v=12vyaneXEf4&pp=ygUDaWtu","SEMAKIN MENDUNIA‼️TENDA & PANGGUNG RAKSASA TERPASANG BAIK,TEST AIR MINUM IKN,UPDATE IKN TERBARU","Mata PROYEK","https://www.youtube.com/@mataPROYEK","26K views","1 day ago",""
"https://www.youtube.com/watch?v=fC9iGq-jE04&pp=ygUDaWtu","Wujud Terbaru Hotel Nusantara di IKN! Siap Diresmikan 17 Agustus 2024","Kompas.com","https://www.youtube.com/@kompascom","62K views","1 day ago","Verified"
"https://www.youtube.com/watch?v=ZL35TMlRtuI&pp=ygUDaWtu","IKN Bakal Dihuni Ribuan Orang, Bagaimana Strategi Pemenuhan Pangannya?","Harian Kompas","https://www.youtube.com/@HarianKompasCetak","12K views","1 day ago","Verified"
"https://www.youtube.com/watch?v=uCQ0hvKeMQs&pp=ygUDaWtu","CAKEP‼️IKN TERKINI, SEMAKIN NYATA DIDEPAN MATA, JELANG UPACARA HUT RI KE-79 DI IKN, DAMPAK BAIK IKN","ikhfa story","https://www.youtube.com/@ikhfastory","12K views","1 day ago",""
"https://www.youtube.com/shorts/AnmiZmKdO18","JEHANSYAH & SULFIKAR - EVALUASI KRITIS IKN","Obrolan Meja Bundar","https://www.youtube.com/@OMB.official","582 views","1 day ago",""
"https://www.youtube.com/watch?v=oIsikpjT6FM&pp=ygUDaWtu","Penampakan Meja Kerja dan Tempat Tidur Jokowi di Istana Garuda IKN","Kompascom Reporter on Location","https://www.youtube.com/@kompascomreport","35K views","1 day ago","Verified"
"https://www.youtube.com/watch?v=mUxy4sdD1C0&pp=ygUDaWtu","10 KONGLOMERAT BANTU JOKOWI BANGUN IKN !! ORANG TERKAYA DI INDONESIA","Republika Mahasiswa","https://www.youtube.com/@RepublikaMahasiswa","129K views","1 day ago","Verified"
"https://www.youtube.com/shorts/dTL-KskVZFU","Curhatan Presiden Jokowi Ngaku Tak Bisa Tidur Nyenyak saat Bekerja di IKN, Singgung Hal Ini!","Tribun Banten","https://www.youtube.com/@tribunbanten","2.3K views","1 day ago",""
"https://www.youtube.com/watch?v=0T5tNQMdnf4&pp=ygUDaWtu","Mulai 1 Agustus, Kapal Pinisi Resmi Berlayar di IKN","Kompascom Reporter on Location","https://www.youtube.com/@kompascomreport","3.1K views","1 day ago","Verified"
"https://www.youtube.com/watch?v=KAGwCrGhFC0&t=22s&pp=ygUDaWtu","Mulai Berkantor di IKN, Jokowi Terima Kunjungan Kadin dan Hipmi Kaltim di Istana Negara","Harian Surya","https://www.youtube.com/@TribunnewsSurya","2.5K views","1 day ago",""
"https://www.youtube.com/shorts/oIzViMzIxNw","Jokowi Tidak Nyenyak, Gibran Batal Ke IKN ?","ROOMINESIA","https://www.youtube.com/@Korban-Ghosting","6.6K views","1 day ago",""
"https://www.youtube.com/shorts/cg_PErXtQmg","Gibran Berencana ke IKN Ingin Cek Pembangunan di Luar Pemerintahanan #ikn #shorts","KOMPASTV","https://www.youtube.com/@kompastv","8.3K views","1 day ago","Verified"
"https://www.youtube.com/watch?v=tcsLrvp19u4&t=22s&pp=ygUDaWtu","Afton | JOKOWI MAKSAIN RAPAT KABINET DI IKN, BEGINI HASILNYA | Gus Konoha | #008","YouthTV Indonesia","https://www.youtube.com/@youthtvindonesia","15K views","1 day ago","Verified"
"https://www.youtube.com/watch?v=7t1-cJuNjoc&pp=ygUDaWtu","Jokowi Tidur Tak Nyenyak di IKN, Gibran: Tanyakan Lagi Hari Ini","CNN Indonesia","https://www.youtube.com/@CNNindonesiaOfficial","58K views","1 day ago","Verified"
"https://www.youtube.com/watch?v=yBKIJePVr2I&pp=ygUDaWtu","IKN BENERAN NYATA❗️Penampakan IKN Begitu Indah Padahal Belum Sepenuhnya Rampung","Titik Nol Nusantara","https://www.youtube.com/@TitikNol_Nusantara","28K views","1 day ago",""
"https://www.youtube.com/watch?v=WJCI6WZDl9o&pp=ygUDaWtu","Basuki Ungkap Penyebab Jokowi Tak Nyenyak di IKN [Primetime News]","METRO TV","https://www.youtube.com/@metrotvnews","3.8K views","1 day ago","Verified"
"https://www.youtube.com/watch?v=CUPRcz-08SE&pp=ygUDaWtu","Bermalam di IKN, Presiden Jokowi Ngaku Tak Nyenyak Tidur di Istana","Official iNews","https://www.youtube.com/@OfficialiNews","9.6K views","1 day ago","Verified"
"https://www.youtube.com/watch?v=jgJ29PtlpO8&pp=ygUDaWtu","Keterangan Pers Kadin dan Hipmi Kaltim, IKN, 30 Juli 2024","Sekretariat Presiden","https://www.youtube.com/@SekretariatPresiden","16K views","1 day ago","Verified"
"https://www.youtube.com/watch?v=KoR1PCoSqLs&pp=ygUDaWtu","Kereta Otonom IKN Bisa Dijajal 5 Agustus, Tarif Digratiskan sampai Desember 2024","Kompas.com","https://www.youtube.com/@kompascom","6.8K views","1 day ago","Verified"
"https://www.youtube.com/watch?v=sCgrp8R3c5U&pp=ygUDaWtu","IKN UPDATE!! Mulai di dekor, IKN semakin rapi, indah dan mempesona buat mata berbinar","Sawit Kilo Lima","https://www.youtube.com/@sawitcabutan9536","41K views","1 day ago",""
"https://www.youtube.com/shorts/atRD1_roLy4","""Aku ingin Pindah ke IKN, ingpokan harga rumah paling murah""... #pashalovarian","Pasha Lovarian","https://www.youtube.com/@PashaLovarian","47K views","1 day ago","Verified"
"https://www.youtube.com/watch?v=7XAYAC5C3mc&pp=ygUDaWtu","Jokowi Bertemu Perwakilan Usaha Daerah di Sekitar IKN","Tempodotco","https://www.youtube.com/@TempoVideoChannel","12K views","1 day ago","Verified"
"https://www.youtube.com/watch?v=sje-SAcjAWE&pp=ygUDaWtu","Jokowi ""Boyong"" Sejumlah Artis ke IKN, Kenapa ""Influencer"" Lokal Tak Turut Diajak?","Kompascom Reporter on Location","https://www.youtube.com/@kompascomreport","6.3K views","1 day ago","Verified"
"https://www.youtube.com/watch?v=3a_ISZ2va2E&pp=ygUDaWtu","TEMPAT FAVORIT PENGUNJUNG‼️Seperti Bukan Di Indonesia, IKN Benar Nyata Dengan Keindahannya","Lensa Proyek","https://www.youtube.com/@Lensa_Proyek","19K views","1 day ago",""
"https://www.youtube.com/watch?v=C2fJ1qt5hDo&pp=ygUDaWtu","Jokowi Mengaku Tidak Nyenyak Tidur di IKN, Diduga Gara-gara AC","Kompas.com","https://www.youtube.com/@kompascom","19K views","1 day ago","Verified"
"https://www.youtube.com/shorts/dANF1l8aVcI","PROYEK IKN 24 JAM NON-STOP!","Railingku Project","https://www.youtube.com/@RailingkuProject","8.5K views","1 day ago",""
"https://www.youtube.com/watch?v=cna6OE41PTI&pp=ygUDaWtu","Komentar Gibran soal Susunan Kabinet Bareng Prabowo hingga Rencana ke IKN","KompasTV Jember","https://www.youtube.com/@kompastvjember","7.8K views","1 day ago","Verified"
"https://www.youtube.com/watch?v=GracHSGR4Kw&pp=ygUDaWtu","Komentar Gibran soal Susunan Kabinet Bareng Prabowo hingga Rencana ke IKN","KOMPASTV","https://www.youtube.com/@kompastv","2.8K views","1 day ago","Verified"
"https://www.youtube.com/watch?v=0acvF0sImuo&pp=ygUDaWtu","Hari Ke-2 Ngantor IKN, JOKOWI Pamer Ruang Kerja ! PRABOWO Tiba di Turki ! Basuki Jajal Air Minum IKN","berita surakarta","https://www.youtube.com/@beritasurakarta","51K views","1 day ago","Verified"
"https://www.youtube.com/shorts/4ydyb_4ZItg","Penampakan Kamar Tidur Jokowi di Istana Garuda IKN, Sempat Bikin Presiden Tidur Tak Nyenyak","Tribunnews","https://www.youtube.com/@tribunnews","49K views","1 day ago","Verified"
"https://www.youtube.com/watch?v=CUPRcz-08SE&pp=ygUDaWtu","Bermalam di IKN, Presiden Jokowi Ngaku Tak Nyenyak Tidur di Istana","Official iNews","https://www.youtube.com/@OfficialiNews","9.6K views","1 day ago","Verified"
"https://www.youtube.com/watch?v=jgJ29PtlpO8&pp=ygUDaWtu","Keterangan Pers Kadin dan Hipmi Kaltim, IKN, 30 Juli 2024","Sekretariat Presiden","https://www.youtube.com/@SekretariatPresiden","16K views","1 day ago","Verified"
"https://www.youtube.com/watch?v=KoR1PCoSqLs&pp=ygUDaWtu","Kereta Otonom IKN Bisa Dijajal 5 Agustus, Tarif Digratiskan sampai Desember 2024","Kompas.com","https://www.youtube.com/@kompascom","6.8K views","1 day ago","Verified"
"https://www.youtube.com/watch?v=sCgrp8R3c5U&pp=ygUDaWtu","IKN UPDATE!! Mulai di dekor, IKN semakin rapi, indah dan mempesona buat mata berbinar","Sawit Kilo Lima","https://www.youtube.com/@sawitcabutan9536","41K views","1 day ago",""
"https://www.youtube.com/shorts/atRD1_roLy4","""Aku ingin Pindah ke IKN, ingpokan harga rumah paling murah""... #pashalovarian","Pasha Lovarian","https://www.youtube.com/@PashaLovarian","47K views","1 day ago","Verified"
"https://www.youtube.com/watch?v=7XAYAC5C3mc&pp=ygUDaWtu","Jokowi Bertemu Perwakilan Usaha Daerah di Sekitar IKN","Tempodotco","https://www.youtube.com/@TempoVideoChannel","12K views","1 day ago","Verified"
"https://www.youtube.com/watch?v=sje-SAcjAWE&pp=ygUDaWtu","Jokowi ""Boyong"" Sejumlah Artis ke IKN, Kenapa ""Influencer"" Lokal Tak Turut Diajak?","Kompascom Reporter on Location","https://www.youtube.com/@kompascomreport","6.3K views","1 day ago","Verified"
"https://www.youtube.com/watch?v=3a_ISZ2va2E&pp=ygUDaWtu","TEMPAT FAVORIT PENGUNJUNG‼️Seperti Bukan Di Indonesia, IKN Benar Nyata Dengan Keindahannya","Lensa Proyek","https://www.youtube.com/@Lensa_Proyek","19K views","1 day ago",""
"https://www.youtube.com/watch?v=C2fJ1qt5hDo&pp=ygUDaWtu","Jokowi Mengaku Tidak Nyenyak Tidur di IKN, Diduga Gara-gara AC","Kompas.com","https://www.youtube.com/@kompascom","19K views","1 day ago","Verified"
"https://www.youtube.com/shorts/dANF1l8aVcI","PROYEK IKN 24 JAM NON-STOP!","Railingku Project","https://www.youtube.com/@RailingkuProject","8.5K views","1 day ago",""
"https://www.youtube.com/watch?v=cna6OE41PTI&pp=ygUDaWtu","Komentar Gibran soal Susunan Kabinet Bareng Prabowo hingga Rencana ke IKN","KompasTV Jember","https://www.youtube.com/@kompastvjember","7.8K views","1 day ago","Verified"
"https://www.youtube.com/watch?v=GracHSGR4Kw&pp=ygUDaWtu","Komentar Gibran soal Susunan Kabinet Bareng Prabowo hingga Rencana ke IKN","KOMPASTV","https://www.youtube.com/@kompastv","2.8K views","1 day ago","Verified"
"https://www.youtube.com/watch?v=0acvF0sImuo&pp=ygUDaWtu","Hari Ke-2 Ngantor IKN, JOKOWI Pamer Ruang Kerja ! PRABOWO Tiba di Turki ! Basuki Jajal Air Minum IKN","berita surakarta","https://www.youtube.com/@beritasurakarta","51K views","1 day ago","Verified"
"https://www.youtube.com/shorts/4ydyb_4ZItg","Penampakan Kamar Tidur Jokowi di Istana Garuda IKN, Sempat Bikin Presiden Tidur Tak Nyenyak","Tribunnews","https://www.youtube.com/@tribunnews","49K views","1 day ago","Verified"
"https://www.youtube.com/watch?v=iDZ-AzSBHBw&pp=ygUDaWtu","Penampakan Meja Kerja dan Tempat Tidur Jokowi di Istana Garuda IKN","Kompas.com","https://www.youtube.com/@kompascom","42K views","1 day ago","Verified"
"https://www.youtube.com/watch?v=t7WKeO9FxkQ&pp=ygUDaWtu","Transportasi di IKN: Taksi Terbang Mengudara 10 Menit, Kereta Tanpa Rel Diuji Coba 5 Agustus","KOMPASTV","https://www.youtube.com/@kompastv","6.1K views","1 day ago","Verified"
"https://www.youtube.com/watch?v=wIqCygJy7NY&pp=ygUDaWtu","Hari Ke-2 Ngantor di IKN, Presiden Jokowi Bertemu Pengusaha","KOMPASTV","https://www.youtube.com/@kompastv","15K views","1 day ago","Verified"
"https://www.youtube.com/watch?v=djH-Iwf3uaI&pp=ygUDaWtu","Rapat Kerja Perdana di Istana Garuda IKN - Sindo Today 30/07","SINDOnews","https://www.youtube.com/@OfficialSINDOnews","14K views","1 day ago",""
"https://www.youtube.com/watch?v=GeOJSMnwPlU&pp=ygUDaWtu","Kantor di IKN Terbatas, PNS Akan Bekerja di Kantin Hingga Ruang Perpustakaan","CNBC Indonesia","https://www.youtube.com/@CNBC_ID","14K views","1 day ago","Verified"
"https://www.youtube.com/watch?v=dX1AX_EYjVw&pp=ygUDaWtu","Hari kedua berkantor di IKN, Jokowi temui perwakilan pengusaha daerah","Antara TV Indonesia","https://www.youtube.com/@antaratv","29K views","1 day ago","Verified"
"https://www.youtube.com/shorts/oKBmcO-QGs0","Rute Jalan Tol IKN Nusantara yang Dapat Dilalui saat HUT RI ke 79","Akanoke","https://www.youtube.com/@akanoke5976","No views","1 day ago",""
"https://www.youtube.com/watch?v=nm-xemEsJwk&pp=ygUDaWtu","Mulai 1 Agustus, Kapal Pinisi Resmi Berlayar di IKN","Kompas.com","https://www.youtube.com/@kompascom","32K views","1 day ago","Verified"
"https://www.youtube.com/shorts/G_MQUpJeP5g","Penyebab Jokowi Tak Nyenyak Tidur di IKN, Basuki Hadimuljono Soroti Persoalan AC","Banjarmasin Post News Video","https://www.youtube.com/@banjarmasinpostnewsvideo","2.1K views","1 day ago",""
"https://www.youtube.com/watch?v=FAnVJNjhxGk&pp=ygUDaWtu","IKN Nusantara - TAKSI TERBANG IKN Sukses di Uji Coba","Radio PROSA FM","https://www.youtube.com/@radioprosafm","26K views","1 day ago",""
"https://www.youtube.com/shorts/w4MYMscap6w","Kelihatan Malaysia mulai panik dengan keberadaan IKN😁","KevynLeyn_Art's","https://www.youtube.com/@KevynLeyn","62K views","1 day ago",""
"https://www.youtube.com/shorts/O_3Ch260fFg","KERETA TANPA REL DI IKN MULAI UJI COBA 5 AGUSTUS","medcom id","https://www.youtube.com/@medcomid","745 views","1 day ago",""
"https://www.youtube.com/shorts/YbtJVYqaP8U","Jokowi Bantah Pembangunan IKN Dikebut","Sin Po tv","https://www.youtube.com/@sinpotv","786 views","1 day ago",""
"https://www.youtube.com/shorts/ZxvlHoEE9QM","Sensasi Naik Motor Listrik di Jalan Tol IKN, Karangjoang-Jembatan Pulau Balang 15 Menit","Kompas.com","https://www.youtube.com/@kompascom","1.7K views","1 day ago","Verified"
"https://www.youtube.com/watch?v=quDblURq7cU&pp=ygUDaWtu","Update IKN Terkini ‼️ Semakin Gagah dan Mewah Istana Persiapan Upacara 17 Agustus di IKN","SARJANA PRAMUKA","https://www.youtube.com/@sarjanapramuka","8.5K views","1 day ago",""
"https://www.youtube.com/watch?v=BoiCR-URFLY&pp=ygUDaWtu","Presiden Berkantor di IKN | Indonesia Bicara","TVRI Nasional","https://www.youtube.com/@TVRINasional","73K views","1 day ago","Verified"
"https://www.youtube.com/watch?v=pAS4ihA-JbY&pp=ygUDaWtu","Jokowi ""Boyong"" Sejumlah Artis ke IKN, Kenapa ""Influencer"" Lokal Tak Turut Diajak?","Kompas.com","https://www.youtube.com/@kompascom","9.7K views","1 day ago","Verified"
"https://www.youtube.com/shorts/itAsvPt0Y2M","WADUHH?! 😱 ALASAN ANAK ABAH GAK SETUJU IKN? #awaanstory #educationalpurposes","Awaan Story","https://www.youtube.com/@awaanstory","10K views","1 day ago","Verified"
"https://www.youtube.com/shorts/g_Jp8tqSlJA","Kereta Tanpa Rel di IKN Mulai Uji Coba 5 Agustus 2024 #shorts","METRO TV","https://www.youtube.com/@metrotvnews","2.3K views","1 day ago","Verified"
"https://www.youtube.com/watch?v=KkSkiLySomk&pp=ygUDaWtu","Kantor Presiden di IKN Bernama Istana Garuda | IDX CHANNEL","IDX CHANNEL","https://www.youtube.com/@IDXChannel_","69K views","1 day ago",""
"https://www.youtube.com/watch?v=t7WKeO9FxkQ&pp=ygUDaWtu","Transportasi di IKN: Taksi Terbang Mengudara 10 Menit, Kereta Tanpa Rel Diuji Coba 5 Agustus","KOMPASTV","https://www.youtube.com/@kompastv","6.1K views","1 day ago","Verified"
"https://www.youtube.com/watch?v=wIqCygJy7NY&pp=ygUDaWtu","Hari Ke-2 Ngantor di IKN, Presiden Jokowi Bertemu Pengusaha","KOMPASTV","https://www.youtube.com/@kompastv","15K views","1 day ago","Verified"
"https://www.youtube.com/watch?v=djH-Iwf3uaI&pp=ygUDaWtu","Rapat Kerja Perdana di Istana Garuda IKN - Sindo Today 30/07","SINDOnews","https://www.youtube.com/@OfficialSINDOnews","14K views","1 day ago",""
"https://www.youtube.com/watch?v=GeOJSMnwPlU&pp=ygUDaWtu","Kantor di IKN Terbatas, PNS Akan Bekerja di Kantin Hingga Ruang Perpustakaan","CNBC Indonesia","https://www.youtube.com/@CNBC_ID","14K views","1 day ago","Verified"
"https://www.youtube.com/watch?v=dX1AX_EYjVw&pp=ygUDaWtu","Hari kedua berkantor di IKN, Jokowi temui perwakilan pengusaha daerah","Antara TV Indonesia","https://www.youtube.com/@antaratv","29K views","1 day ago","Verified"
"https://www.youtube.com/shorts/oKBmcO-QGs0","Rute Jalan Tol IKN Nusantara yang Dapat Dilalui saat HUT RI ke 79","Akanoke","https://www.youtube.com/@akanoke5976","No views","1 day ago",""
"https://www.youtube.com/watch?v=nm-xemEsJwk&pp=ygUDaWtu","Mulai 1 Agustus, Kapal Pinisi Resmi Berlayar di IKN","Kompas.com","https://www.youtube.com/@kompascom","32K views","1 day ago","Verified"
"https://www.youtube.com/shorts/G_MQUpJeP5g","Penyebab Jokowi Tak Nyenyak Tidur di IKN, Basuki Hadimuljono Soroti Persoalan AC","Banjarmasin Post News Video","https://www.youtube.com/@banjarmasinpostnewsvideo","2.1K views","1 day ago",""
"https://www.youtube.com/watch?v=FAnVJNjhxGk&pp=ygUDaWtu","IKN Nusantara - TAKSI TERBANG IKN Sukses di Uji Coba","Radio PROSA FM","https://www.youtube.com/@radioprosafm","26K views","1 day ago",""
"https://www.youtube.com/shorts/w4MYMscap6w","Kelihatan Malaysia mulai panik dengan keberadaan IKN😁","KevynLeyn_Art's","https://www.youtube.com/@KevynLeyn","62K views","1 day ago",""
"https://www.youtube.com/shorts/O_3Ch260fFg","KERETA TANPA REL DI IKN MULAI UJI COBA 5 AGUSTUS","medcom id","https://www.youtube.com/@medcomid","745 views","1 day ago",""
"https://www.youtube.com/shorts/YbtJVYqaP8U","Jokowi Bantah Pembangunan IKN Dikebut","Sin Po tv","https://www.youtube.com/@sinpotv","786 views","1 day ago",""
"https://www.youtube.com/shorts/ZxvlHoEE9QM","Sensasi Naik Motor Listrik di Jalan Tol IKN, Karangjoang-Jembatan Pulau Balang 15 Menit","Kompas.com","https://www.youtube.com/@kompascom","1.7K views","1 day ago","Verified"
"https://www.youtube.com/watch?v=quDblURq7cU&pp=ygUDaWtu","Update IKN Terkini ‼️ Semakin Gagah dan Mewah Istana Persiapan Upacara 17 Agustus di IKN","SARJANA PRAMUKA","https://www.youtube.com/@sarjanapramuka","8.5K views","1 day ago",""
"https://www.youtube.com/watch?v=BoiCR-URFLY&pp=ygUDaWtu","Presiden Berkantor di IKN | Indonesia Bicara","TVRI Nasional","https://www.youtube.com/@TVRINasional","73K views","1 day ago","Verified"
"https://www.youtube.com/watch?v=pAS4ihA-JbY&pp=ygUDaWtu","Jokowi ""Boyong"" Sejumlah Artis ke IKN, Kenapa ""Influencer"" Lokal Tak Turut Diajak?","Kompas.com","https://www.youtube.com/@kompascom","9.7K views","1 day ago","Verified"
"https://www.youtube.com/shorts/itAsvPt0Y2M","WADUHH?! 😱 ALASAN ANAK ABAH GAK SETUJU IKN? #awaanstory #educationalpurposes","Awaan Story","https://www.youtube.com/@awaanstory","10K views","1 day ago","Verified"
"https://www.youtube.com/shorts/g_Jp8tqSlJA","Kereta Tanpa Rel di IKN Mulai Uji Coba 5 Agustus 2024 #shorts","METRO TV","https://www.youtube.com/@metrotvnews","2.3K views","1 day ago","Verified"
"https://www.youtube.com/watch?v=KkSkiLySomk&pp=ygUDaWtu","Kantor Presiden di IKN Bernama Istana Garuda | IDX CHANNEL","IDX CHANNEL","https://www.youtube.com/@IDXChannel_","69K views","1 day ago",""
"https://www.youtube.com/shorts/LnKk6IVtYWM","JOKOWI PERDANA GELAR RAPAT DI IKN😱😱#shorts #youtubeshorts #short","Pemimpin Rakyat","https://www.youtube.com/@Pemimpin_Rakyat","1K views","1 day ago",""
"https://www.youtube.com/shorts/wiMG3_vqNuc","Jokowi Jajal Jalan Tol Menuju IKN ditemani Basuki Serta Artis dan Influencer","dhani mardhani","https://www.youtube.com/@dhanimardhani","1.9K views","1 day ago",""
"https://www.youtube.com/watch?v=eGFXwm71rO4&pp=ygUDaWtu","IKN TERKINI! 1TAHUN PEMBANGUNAN TOL IKN SEGMEN 5A JEMBATAN P.BALANG-SP.TEMPADUNG  30 Juli 2024","Mbah Min Bpn 🇮🇩","https://www.youtube.com/@iknkaltim","14K views","1 day ago",""
"https://www.youtube.com/shorts/DiCSeMt3fIQ","Pulang dari IKN langsung anter cekokah anak wedokku❤️","AH","https://www.youtube.com/@AttaHalilintar","106K views","1 day ago","Verified"
"https://www.youtube.com/shorts/-jr_TV0T38k","Presiden Jokowi ungkapkan dirinya tidak nyenyak tidur di IKN.","AGUNG NEWS","https://www.youtube.com/@agungnews1","3K views","1 day ago",""
"https://www.youtube.com/shorts/VMRnbWUNGP4","Strategi Proyek Bandara IKN Jelang 17 Agustus #bandara #ikn","TVRI Nasional","https://www.youtube.com/@TVRINasional","588 views","1 day ago","Verified"
"https://www.youtube.com/shorts/t2B3XhK8P9I","ARTIS YANG DIAJAK PAK JOKOWI KE IKN. NANTI SANA BENERAN ADA STADION TIMNAS?? #timnasindonesia","Andi Hidayat","https://www.youtube.com/@andihidayat","2.2K views","1 day ago",""
"https://www.youtube.com/shorts/EfTwCSZIiJw","Jokowi Respons Soal Pejabat Definitif Kepala Otorita IKN #Shorts","Hward Viral News","https://www.youtube.com/@hwardviralnews","1.9K views","1 day ago",""
"https://www.youtube.com/shorts/Bi-5WDDNaPA","Makan Malam Mewah Jokowi dan Influencer di IKN","INFOINDONESIA TV","https://www.youtube.com/@INFOINDONESIATV","1K views","1 day ago",""
"https://www.youtube.com/shorts/bAYTk0hi9z0","Istri rasa pacar 😍😍😱 #raffiahmad #ransentertainment #nagitaslavina #cipung #ikn #romantis","KamarCahaya","https://www.youtube.com/@kamarcahaya08","28K views","1 day ago",""
"https://www.youtube.com/watch?v=DLhfmB92ULs&pp=ygUDaWtu","VIRAL,, EMOSI AKADEMISI KALTIM MELED4K,, BONGKAR AKTOR BOS SAWIT DIBALIK PENYIYIR IKN ??","Grobogan Gokil","https://www.youtube.com/@grobogangokil3236","102K views","1 day ago",""
"https://www.youtube.com/watch?v=0cdg9h6L__0&pp=ygUDaWtu","Modifikasi Cuaca IKN Demi Cegah Hujan, 24 Jam Nonstop, Gunakan 4 Pesawat","Kompas.com","https://www.youtube.com/@kompascom","2.6K views","1 day ago","Verified"
"https://www.youtube.com/shorts/H_LzQ2DTl8w","Pernyataan Presiden Jokowi Mengenai Kesiapan Pembangunan Ibukota Nusantara #ikn #jokowi","TVRI Nasional","https://www.youtube.com/@TVRINasional","787 views","1 day ago","Verified"
"https://www.youtube.com/shorts/CKfDTZpu_ME","Presiden Jokowi Pastikan Tidak Ada Kejahatan di Wilayah IKN Demi Menjamin Keamanan yang Optimal","TRIBUNWOW OFFICIAL","https://www.youtube.com/@TRIBUNWOWOFFICIAL","788 views","1 day ago",""
"https://www.youtube.com/shorts/ONVnZBnYCO0","Rencana berkantor di IKN, akhirnya berhasil‼️ musuh Jokowi Mulai cari jalan untuk beri kritikan😁","KevynLeyn_Art's","https://www.youtube.com/@KevynLeyn","5K views","1 day ago",""
"https://www.youtube.com/shorts/HSOgJc8rLQ8","Hari Pertama Jokowi 'Soft Ngantor' Di IKN #shorts","METRO TV","https://www.youtube.com/@metrotvnews","10K views","1 day ago","Verified"
"https://www.youtube.com/shorts/Qhjw9k4pr0I","Raffi Ahmad Jajal Jalan Tol IKN Bareng Jokowi","Mau Tau Aja","https://www.youtube.com/@mautauaja.y","4.1K views","1 day ago",""
"https://www.youtube.com/watch?v=QnvTg-93DDc&pp=ygUDaWtu","Hari Ke-2 'NGANTOR' di IKN, Presiden Jokowi Agendakan Bertemu Pengusaha","KompasTV Makassar","https://www.youtube.com/@KompasTVMakassarChanneL23UHF","196K views","1 day ago","Verified"
"https://www.youtube.com/shorts/wiMG3_vqNuc","Jokowi Jajal Jalan Tol Menuju IKN ditemani Basuki Serta Artis dan Influencer","dhani mardhani","https://www.youtube.com/@dhanimardhani","1.9K views","1 day ago",""
"https://www.youtube.com/watch?v=eGFXwm71rO4&pp=ygUDaWtu","IKN TERKINI! 1TAHUN PEMBANGUNAN TOL IKN SEGMEN 5A JEMBATAN P.BALANG-SP.TEMPADUNG  30 Juli 2024","Mbah Min Bpn 🇮🇩","https://www.youtube.com/@iknkaltim","14K views","1 day ago",""
"https://www.youtube.com/shorts/DiCSeMt3fIQ","Pulang dari IKN langsung anter cekokah anak wedokku❤️","AH","https://www.youtube.com/@AttaHalilintar","106K views","1 day ago","Verified"
"https://www.youtube.com/shorts/-jr_TV0T38k","Presiden Jokowi ungkapkan dirinya tidak nyenyak tidur di IKN.","AGUNG NEWS","https://www.youtube.com/@agungnews1","3K views","1 day ago",""
"https://www.youtube.com/shorts/VMRnbWUNGP4","Strategi Proyek Bandara IKN Jelang 17 Agustus #bandara #ikn","TVRI Nasional","https://www.youtube.com/@TVRINasional","588 views","1 day ago","Verified"
"https://www.youtube.com/shorts/t2B3XhK8P9I","ARTIS YANG DIAJAK PAK JOKOWI KE IKN. NANTI SANA BENERAN ADA STADION TIMNAS?? #timnasindonesia","Andi Hidayat","https://www.youtube.com/@andihidayat","2.2K views","1 day ago",""
"https://www.youtube.com/shorts/EfTwCSZIiJw","Jokowi Respons Soal Pejabat Definitif Kepala Otorita IKN #Shorts","Hward Viral News","https://www.youtube.com/@hwardviralnews","1.9K views","1 day ago",""
"https://www.youtube.com/shorts/Bi-5WDDNaPA","Makan Malam Mewah Jokowi dan Influencer di IKN","INFOINDONESIA TV","https://www.youtube.com/@INFOINDONESIATV","1K views","1 day ago",""
"https://www.youtube.com/shorts/bAYTk0hi9z0","Istri rasa pacar 😍😍😱 #raffiahmad #ransentertainment #nagitaslavina #cipung #ikn #romantis","KamarCahaya","https://www.youtube.com/@kamarcahaya08","28K views","1 day ago",""
"https://www.youtube.com/watch?v=DLhfmB92ULs&pp=ygUDaWtu","VIRAL,, EMOSI AKADEMISI KALTIM MELED4K,, BONGKAR AKTOR BOS SAWIT DIBALIK PENYIYIR IKN ??","Grobogan Gokil","https://www.youtube.com/@grobogangokil3236","102K views","1 day ago",""
"https://www.youtube.com/watch?v=0cdg9h6L__0&pp=ygUDaWtu","Modifikasi Cuaca IKN Demi Cegah Hujan, 24 Jam Nonstop, Gunakan 4 Pesawat","Kompas.com","https://www.youtube.com/@kompascom","2.6K views","1 day ago","Verified"
"https://www.youtube.com/shorts/H_LzQ2DTl8w","Pernyataan Presiden Jokowi Mengenai Kesiapan Pembangunan Ibukota Nusantara #ikn #jokowi","TVRI Nasional","https://www.youtube.com/@TVRINasional","787 views","1 day ago","Verified"
"https://www.youtube.com/shorts/CKfDTZpu_ME","Presiden Jokowi Pastikan Tidak Ada Kejahatan di Wilayah IKN Demi Menjamin Keamanan yang Optimal","TRIBUNWOW OFFICIAL","https://www.youtube.com/@TRIBUNWOWOFFICIAL","788 views","1 day ago",""
"https://www.youtube.com/shorts/ONVnZBnYCO0","Rencana berkantor di IKN, akhirnya berhasil‼️ musuh Jokowi Mulai cari jalan untuk beri kritikan😁","KevynLeyn_Art's","https://www.youtube.com/@KevynLeyn","5K views","1 day ago",""
"https://www.youtube.com/shorts/HSOgJc8rLQ8","Hari Pertama Jokowi 'Soft Ngantor' Di IKN #shorts","METRO TV","https://www.youtube.com/@metrotvnews","10K views","1 day ago","Verified"
"https://www.youtube.com/shorts/Qhjw9k4pr0I","Raffi Ahmad Jajal Jalan Tol IKN Bareng Jokowi","Mau Tau Aja","https://www.youtube.com/@mautauaja.y","4.1K views","1 day ago",""
"https://www.youtube.com/watch?v=QnvTg-93DDc&pp=ygUDaWtu","Hari Ke-2 'NGANTOR' di IKN, Presiden Jokowi Agendakan Bertemu Pengusaha","KompasTV Makassar","https://www.youtube.com/@KompasTVMakassarChanneL23UHF","196K views","1 day ago","Verified"
"https://www.youtube.com/shorts/6wrWAO7dU90","selanat malam boskuh ini lah hasil ahir pembuatan dapur hotel nusantara #ikn #viral #beritaterkini","unyil","https://www.youtube.com/@unyil9903","516 views","1 day ago",""
"https://www.youtube.com/shorts/-C59ZQALSkc","🔴IRWANSYAH DAN ZASKIA SUNGKAR KAGET IKN KEREN BANGET #ikn #indonesiamaju #shorts","IndonesiaPedia","https://www.youtube.com/@IndonesiaPedia346","7.5K views","1 day ago",""
"https://www.youtube.com/watch?v=ezUEPNpdslw&pp=ygUDaWtu","Warga Sekitar IKN Nusantara Heran Jembatan Belum Rampung Sudah Diresmikan,Kritik Jokowi & Para Artis","Tribun Kaltim Official","https://www.youtube.com/@tribunkaltimofficial","176K views","1 day ago","Verified"
"https://www.youtube.com/shorts/CanOo5cSUP0","Presiden Jokowi Borong influencer Ke IKN😳","AYAH RUI","https://www.youtube.com/@indonesia_love","31K views","1 day ago",""
"https://www.youtube.com/watch?v=0iZdL3Jx_x0&pp=ygUDaWtu","EXCLUSIVE!!INI RASANYA TOURING BARENG PRESIDEN! RAFFI NAGITA MENIKMATI JALAN2 DI IKN..","Rans Entertainment","https://www.youtube.com/@RansEntertainment","245K views","1 day ago","Verified"
"https://www.youtube.com/watch?v=JX8mZolgtpc&pp=ygUDaWtu","Apa Saja Agenda Jokowi Selama Di IKN? - [ Selamat Pagi Indonesia ]","METRO TV","https://www.youtube.com/@metrotvnews","26K views","1 day ago","Verified"
"https://www.youtube.com/watch?v=hP68BGXocVc&pp=ygUDaWtu","Hari Kedua Ngantor di IKN, Presiden Jokowi Ngapain Aja? Yuk Intip Agendanya…","Kompas.com","https://www.youtube.com/@kompascom","24K views","1 day ago","Verified"
"https://www.youtube.com/shorts/EjRrDwJEv1w","Presiden Jokowi Tak Bisa Tidur Nyenyak di IKN, Basuki Bilang Begini #basukihadimuljono #ikn","voidotid","https://www.youtube.com/@voidotid","974 views","1 day ago",""
"https://www.youtube.com/watch?v=eE_OD_k7TX8&pp=ygUDaWtu","Presiden Boyong Influencer Ke IKN Tuai Kritik - [Metro Pagi Primetime]","METRO TV","https://www.youtube.com/@metrotvnews","7.7K views","1 day ago","Verified"
"https://www.youtube.com/shorts/Od-tT_Hw4IU","PARA ASN DI IKN AKAN BEKERJA SECARA FULL DIGITAL, INI BUKTI IKN MEMANG KOTA MASA DEPAN YANG CANGGIH!","nineties","https://www.youtube.com/@ninetiesg","3.5K views","1 day ago",""
"https://www.youtube.com/watch?v=ikEbF21oqA0&pp=ygUDaWtu","Rapat Pertama Jokowi di Ruang Kerja Presiden di IKN - BIP 30/07","Buletin iNews","https://www.youtube.com/@BuletiniNews","7.1K views","1 day ago","Verified"
"https://www.youtube.com/watch?v=ruDVZII1Pos&pp=ygUDaWtu","4 Kepala Daerah Kaltim Jadi Tamu Resmi Kedua Jokowi Berkantor di IKN Nusantara, Tak Ada Bupati Kukar","Tribun Kaltim Official","https://www.youtube.com/@tribunkaltimofficial","17K views","1 day ago","Verified"
"https://www.youtube.com/watch?v=CeTzwBytOuU&pp=ygUDaWtu","Jokowi 'Ngantor' di IKN | Apa Kabar Indonesia Pagi tvOne","tvOneNews","https://www.youtube.com/@tvOneNews","28K views","1 day ago",""
"https://www.youtube.com/shorts/zAUHzfuGI_A","apakah IKN bakal jadi atau hanya ilusi belaka?","CeritaJoe","https://www.youtube.com/@cerita_joe","1.9K views","1 day ago",""
"https://www.youtube.com/watch?v=zwsSBHnbhOU&pp=ygUDaWtu","Nama Baru Kantor Presiden di IKN","CNN Indonesia","https://www.youtube.com/@CNNindonesiaOfficial","8.2K views","1 day ago","Verified"
"https://www.youtube.com/shorts/ggNYSMFWTjA","Hari pertama Jokowi berkantor di IKN #politics #ikn #jokowi #viralvideo #shorts","INDO POL","https://www.youtube.com/@IndonesiaPolitik","2.8K views","1 day ago",""
"https://www.youtube.com/watch?v=A3dwGmTq3NQ&pp=ygUDaWtu","Uji Coba Taksi Terbang Buatan Hyundai untuk IKN Nusantara","INFO PAGI","https://www.youtube.com/@info_pagi","25K views","1 day ago","Verified"
"https://www.youtube.com/watch?v=bd4jGpcnLec&pp=ygUDaWtu","🔴 Sidang ke-3 PK Saka Tatal, Kesibukan Jokowi di IKN, Bareskrim Kantongi Sosok T Pengendali 'Judol'","Tribunnews","https://www.youtube.com/@tribunnews","12K views","Streamed 1 day ago","Verified"
"https://www.youtube.com/watch?v=5muZhBwEs6U&pp=ygUDaWtu","Hari Kedua Ngantor di IKN, Presiden Jokowi Temui Pengusaha","KompasTV Pontianak","https://www.youtube.com/@KompasTVPontianak","22K views","1 day ago","Verified"
"https://www.youtube.com/watch?v=UOQ2fTFyMKQ&pp=ygUDaWtu","Uji Terbang Taksi Terbang di IKN, Kereta tanpa Rel akan Diuji Awal Agustus","KompasTV Pontianak","https://www.youtube.com/@KompasTVPontianak","7.9K views","1 day ago","Verified"
"https://www.youtube.com/shorts/-C59ZQALSkc","🔴IRWANSYAH DAN ZASKIA SUNGKAR KAGET IKN KEREN BANGET #ikn #indonesiamaju #shorts","IndonesiaPedia","https://www.youtube.com/@IndonesiaPedia346","7.5K views","1 day ago",""
"https://www.youtube.com/watch?v=ezUEPNpdslw&pp=ygUDaWtu","Warga Sekitar IKN Nusantara Heran Jembatan Belum Rampung Sudah Diresmikan,Kritik Jokowi & Para Artis","Tribun Kaltim Official","https://www.youtube.com/@tribunkaltimofficial","176K views","1 day ago","Verified"
"https://www.youtube.com/shorts/CanOo5cSUP0","Presiden Jokowi Borong influencer Ke IKN😳","AYAH RUI","https://www.youtube.com/@indonesia_love","31K views","1 day ago",""
"https://www.youtube.com/watch?v=0iZdL3Jx_x0&pp=ygUDaWtu","EXCLUSIVE!!INI RASANYA TOURING BARENG PRESIDEN! RAFFI NAGITA MENIKMATI JALAN2 DI IKN..","Rans Entertainment","https://www.youtube.com/@RansEntertainment","245K views","1 day ago","Verified"
"https://www.youtube.com/watch?v=JX8mZolgtpc&pp=ygUDaWtu","Apa Saja Agenda Jokowi Selama Di IKN? - [ Selamat Pagi Indonesia ]","METRO TV","https://www.youtube.com/@metrotvnews","26K views","1 day ago","Verified"
"https://www.youtube.com/watch?v=hP68BGXocVc&pp=ygUDaWtu","Hari Kedua Ngantor di IKN, Presiden Jokowi Ngapain Aja? Yuk Intip Agendanya…","Kompas.com","https://www.youtube.com/@kompascom","24K views","1 day ago","Verified"
"https://www.youtube.com/shorts/EjRrDwJEv1w","Presiden Jokowi Tak Bisa Tidur Nyenyak di IKN, Basuki Bilang Begini #basukihadimuljono #ikn","voidotid","https://www.youtube.com/@voidotid","974 views","1 day ago",""
"https://www.youtube.com/watch?v=eE_OD_k7TX8&pp=ygUDaWtu","Presiden Boyong Influencer Ke IKN Tuai Kritik - [Metro Pagi Primetime]","METRO TV","https://www.youtube.com/@metrotvnews","7.7K views","1 day ago","Verified"
"https://www.youtube.com/shorts/Od-tT_Hw4IU","PARA ASN DI IKN AKAN BEKERJA SECARA FULL DIGITAL, INI BUKTI IKN MEMANG KOTA MASA DEPAN YANG CANGGIH!","nineties","https://www.youtube.com/@ninetiesg","3.5K views","1 day ago",""
"https://www.youtube.com/watch?v=ikEbF21oqA0&pp=ygUDaWtu","Rapat Pertama Jokowi di Ruang Kerja Presiden di IKN - BIP 30/07","Buletin iNews","https://www.youtube.com/@BuletiniNews","7.1K views","1 day ago","Verified"
"https://www.youtube.com/watch?v=ruDVZII1Pos&pp=ygUDaWtu","4 Kepala Daerah Kaltim Jadi Tamu Resmi Kedua Jokowi Berkantor di IKN Nusantara, Tak Ada Bupati Kukar","Tribun Kaltim Official","https://www.youtube.com/@tribunkaltimofficial","17K views","1 day ago","Verified"
"https://www.youtube.com/watch?v=CeTzwBytOuU&pp=ygUDaWtu","Jokowi 'Ngantor' di IKN | Apa Kabar Indonesia Pagi tvOne","tvOneNews","https://www.youtube.com/@tvOneNews","28K views","1 day ago",""
"https://www.youtube.com/shorts/zAUHzfuGI_A","apakah IKN bakal jadi atau hanya ilusi belaka?","CeritaJoe","https://www.youtube.com/@cerita_joe","1.9K views","1 day ago",""
"https://www.youtube.com/watch?v=zwsSBHnbhOU&pp=ygUDaWtu","Nama Baru Kantor Presiden di IKN","CNN Indonesia","https://www.youtube.com/@CNNindonesiaOfficial","8.2K views","1 day ago","Verified"
"https://www.youtube.com/shorts/ggNYSMFWTjA","Hari pertama Jokowi berkantor di IKN #politics #ikn #jokowi #viralvideo #shorts","INDO POL","https://www.youtube.com/@IndonesiaPolitik","2.8K views","1 day ago",""
"https://www.youtube.com/watch?v=A3dwGmTq3NQ&pp=ygUDaWtu","Uji Coba Taksi Terbang Buatan Hyundai untuk IKN Nusantara","INFO PAGI","https://www.youtube.com/@info_pagi","25K views","1 day ago","Verified"
"https://www.youtube.com/watch?v=bd4jGpcnLec&pp=ygUDaWtu","🔴 Sidang ke-3 PK Saka Tatal, Kesibukan Jokowi di IKN, Bareskrim Kantongi Sosok T Pengendali 'Judol'","Tribunnews","https://www.youtube.com/@tribunnews","12K views","Streamed 1 day ago","Verified"
"https://www.youtube.com/watch?v=5muZhBwEs6U&pp=ygUDaWtu","Hari Kedua Ngantor di IKN, Presiden Jokowi Temui Pengusaha","KompasTV Pontianak","https://www.youtube.com/@KompasTVPontianak","22K views","1 day ago","Verified"
"https://www.youtube.com/watch?v=UOQ2fTFyMKQ&pp=ygUDaWtu","Uji Terbang Taksi Terbang di IKN, Kereta tanpa Rel akan Diuji Awal Agustus","KompasTV Pontianak","https://www.youtube.com/@KompasTVPontianak","7.9K views","1 day ago","Verified"
"https://www.youtube.com/shorts/Imcn1oYlaM8","HEBOH PEKERJA IKN BERLARIAN","Elang Cahaya","https://www.youtube.com/@elangcahaya","42K views","1 day ago",""
"https://www.youtube.com/shorts/QK2kxo4x9Q0","Karya anak bangsa Indonesia #karyaanakbangsa #ikn #iknnusantara","Herman Saolabo","https://www.youtube.com/@Hermansaolabo","760 views","1 day ago",""
"https://www.youtube.com/watch?v=rwaDVut41eQ&pp=ygUDaWtu","Jalan Tol IKN Dikebut, Bakal Persingkat Waktu Tempuh ke Lokasi HUT RI ke-79 | Liputan 6","Liputan6","https://www.youtube.com/@liputan6_news","14K views","1 day ago","Verified"
"https://www.youtube.com/shorts/zT5dWQKZsTs","Pak Jokowi di IKN #jokowi #ikn #beritaterkini #ronaldtannur #beritapopuler","Ingga Tv","https://www.youtube.com/@inggatv","1.3K views","1 day ago",""
"https://www.youtube.com/shorts/DVpo-TUx2_0","atta aurel konvoi di IKN","Ai production mobile","https://www.youtube.com/@Aiproductionmobile","No views","1 day ago",""
"https://www.youtube.com/shorts/1QdiJ9EJ688","IKN berhasil jawab keraguan!","MENUJU 2045","https://www.youtube.com/@menuju2045","936 views","1 day ago",""
"https://www.youtube.com/watch?v=bC3RvoMJunI&pp=ygUDaWtu","Media Luar BANYAK LIPUT IKN !!  Presiden Ujicoba TOL IKN 3A 3B 5A & RESMIKAN JEMBATAN P. Balang","On Road Indonesia","https://www.youtube.com/@OnRoadIndonesia","21K views","1 day ago",""
"https://www.youtube.com/shorts/ZKidtwnKzGs","Wao‼️Rapat Pertam kali, Presiden Jokowi di Istana negara IKN","KevynLeyn_Art's","https://www.youtube.com/@KevynLeyn","39K views","1 day ago",""
"https://www.youtube.com/shorts/A-Okz2HK3yY","Presiden Jokowi Tidak Bisa Tidur Nyenyak Di IKN. #ikn #jokowi","Taufik Hidayat Chaniago","https://www.youtube.com/@taufikhidayatchaniago","4.6K views","1 day ago",""
"https://www.youtube.com/watch?v=JRkW_FSt7o4&pp=ygUDaWtu","🔴 LIVE Penampakan Kantor Baru Jokowi di IKN, Diberi Nama 'Istana Garuda'","Tribun Jateng","https://www.youtube.com/@TribunJatengOfficial","25K views","Streamed 2 days ago",""
"https://www.youtube.com/watch?v=VQWxQmQoh0U&pp=ygUDaWtu","Populer: Jokowi Menginap di IKN hingga Kekayaan Fantastis Hakim yang Vonis Ronald Tannur","Official iNews","https://www.youtube.com/@OfficialiNews","17K views","1 day ago","Verified"
"https://www.youtube.com/shorts/3_b-mGekgdY","Jokowi Meresmikan Jembatan Pulau Balang #viral #ikn","Citra Mentari","https://www.youtube.com/@CitraMentari502","651 views","1 day ago",""
"https://www.youtube.com/watch?v=P21AcrxVI74&pp=ygUDaWtu","IKN HARI INI, SEMAKIN CANTIK MENUJU HUT RI KE 79!!","Syahrial Ahmad","https://www.youtube.com/@syahrialahmad5650","50K views","1 day ago",""
"https://www.youtube.com/watch?v=B9WELNZtQaI&pp=ygUDaWtu","Jangan Keliru! Ini Beda Wujud Istana Garuda dan Istana Negara di IKN","Kompascom Reporter on Location","https://www.youtube.com/@kompascomreport","21K views","1 day ago","Verified"
"https://www.youtube.com/watch?v=BAPrJZesLLs&pp=ygUDaWtu","SEMAKIN MEGAH‼️IKN TERKINI, JELANG UPACARA 17 AGUSTUS DI IKN,BANDARA VVIP IKN DIKEBUT, MEMORIAL PARK","ikhfa story","https://www.youtube.com/@ikhfastory","77K views","1 day ago",""
"https://www.youtube.com/watch?v=NDzlWslhPiA&pp=ygUDaWtu","Kata Raja Juli, Prabowo Juga Siap ""Ngantor"" di IKN","Kompas.com","https://www.youtube.com/@kompascom","3.4K views","1 day ago","Verified"
"https://www.youtube.com/shorts/pY_uatptlwU","Pertama kali, Jokowi berkantor di IKN, mengarahkan IKN terus dikebut tetapi tetap berhati hati‼️","KevynLeyn_Art's","https://www.youtube.com/@KevynLeyn","24K views","1 day ago",""
"https://www.youtube.com/shorts/NBV724mFBA0","Indonesia maju IKN Short #beritaterkini #youtubeshorts #youtube #news #ikn #viralvideo #viralshorts","Berita Viral Indonesia","https://www.youtube.com/@maradikanews","No views","1 day ago",""
"https://www.youtube.com/watch?v=6X4nDnV4__I&pp=ygUDaWtu","Presiden Jokowi Tak Tidur Nyenyak di IKN, Basuki: karena AC","KompasTV Jember","https://www.youtube.com/@kompastvjember","16K views","1 day ago","Verified"
"https://www.youtube.com/shorts/uPA3OlJD2B8","Kapan Tol IKN Rampung, Akhir 2024?","Tollku","https://www.youtube.com/@tollku","1.8K views","1 day ago",""
"https://www.youtube.com/shorts/QK2kxo4x9Q0","Karya anak bangsa Indonesia #karyaanakbangsa #ikn #iknnusantara","Herman Saolabo","https://www.youtube.com/@Hermansaolabo","760 views","1 day ago",""
"https://www.youtube.com/watch?v=rwaDVut41eQ&pp=ygUDaWtu","Jalan Tol IKN Dikebut, Bakal Persingkat Waktu Tempuh ke Lokasi HUT RI ke-79 | Liputan 6","Liputan6","https://www.youtube.com/@liputan6_news","14K views","1 day ago","Verified"
"https://www.youtube.com/shorts/zT5dWQKZsTs","Pak Jokowi di IKN #jokowi #ikn #beritaterkini #ronaldtannur #beritapopuler","Ingga Tv","https://www.youtube.com/@inggatv","1.3K views","1 day ago",""
"https://www.youtube.com/shorts/DVpo-TUx2_0","atta aurel konvoi di IKN","Ai production mobile","https://www.youtube.com/@Aiproductionmobile","No views","1 day ago",""
"https://www.youtube.com/shorts/1QdiJ9EJ688","IKN berhasil jawab keraguan!","MENUJU 2045","https://www.youtube.com/@menuju2045","936 views","1 day ago",""
"https://www.youtube.com/watch?v=bC3RvoMJunI&pp=ygUDaWtu","Media Luar BANYAK LIPUT IKN !!  Presiden Ujicoba TOL IKN 3A 3B 5A & RESMIKAN JEMBATAN P. Balang","On Road Indonesia","https://www.youtube.com/@OnRoadIndonesia","21K views","1 day ago",""
"https://www.youtube.com/shorts/ZKidtwnKzGs","Wao‼️Rapat Pertam kali, Presiden Jokowi di Istana negara IKN","KevynLeyn_Art's","https://www.youtube.com/@KevynLeyn","39K views","1 day ago",""
"https://www.youtube.com/shorts/A-Okz2HK3yY","Presiden Jokowi Tidak Bisa Tidur Nyenyak Di IKN. #ikn #jokowi","Taufik Hidayat Chaniago","https://www.youtube.com/@taufikhidayatchaniago","4.6K views","1 day ago",""
"https://www.youtube.com/watch?v=JRkW_FSt7o4&pp=ygUDaWtu","🔴 LIVE Penampakan Kantor Baru Jokowi di IKN, Diberi Nama 'Istana Garuda'","Tribun Jateng","https://www.youtube.com/@TribunJatengOfficial","25K views","Streamed 2 days ago",""
"https://www.youtube.com/watch?v=VQWxQmQoh0U&pp=ygUDaWtu","Populer: Jokowi Menginap di IKN hingga Kekayaan Fantastis Hakim yang Vonis Ronald Tannur","Official iNews","https://www.youtube.com/@OfficialiNews","17K views","1 day ago","Verified"
"https://www.youtube.com/shorts/3_b-mGekgdY","Jokowi Meresmikan Jembatan Pulau Balang #viral #ikn","Citra Mentari","https://www.youtube.com/@CitraMentari502","651 views","1 day ago",""
"https://www.youtube.com/watch?v=P21AcrxVI74&pp=ygUDaWtu","IKN HARI INI, SEMAKIN CANTIK MENUJU HUT RI KE 79!!","Syahrial Ahmad","https://www.youtube.com/@syahrialahmad5650","50K views","1 day ago",""
"https://www.youtube.com/watch?v=B9WELNZtQaI&pp=ygUDaWtu","Jangan Keliru! Ini Beda Wujud Istana Garuda dan Istana Negara di IKN","Kompascom Reporter on Location","https://www.youtube.com/@kompascomreport","21K views","1 day ago","Verified"
"https://www.youtube.com/watch?v=BAPrJZesLLs&pp=ygUDaWtu","SEMAKIN MEGAH‼️IKN TERKINI, JELANG UPACARA 17 AGUSTUS DI IKN,BANDARA VVIP IKN DIKEBUT, MEMORIAL PARK","ikhfa story","https://www.youtube.com/@ikhfastory","77K views","1 day ago",""
"https://www.youtube.com/watch?v=NDzlWslhPiA&pp=ygUDaWtu","Kata Raja Juli, Prabowo Juga Siap ""Ngantor"" di IKN","Kompas.com","https://www.youtube.com/@kompascom","3.4K views","1 day ago","Verified"
"https://www.youtube.com/shorts/pY_uatptlwU","Pertama kali, Jokowi berkantor di IKN, mengarahkan IKN terus dikebut tetapi tetap berhati hati‼️","KevynLeyn_Art's","https://www.youtube.com/@KevynLeyn","24K views","1 day ago",""
"https://www.youtube.com/shorts/NBV724mFBA0","Indonesia maju IKN Short #beritaterkini #youtubeshorts #youtube #news #ikn #viralvideo #viralshorts","Berita Viral Indonesia","https://www.youtube.com/@maradikanews","No views","1 day ago",""
"https://www.youtube.com/watch?v=6X4nDnV4__I&pp=ygUDaWtu","Presiden Jokowi Tak Tidur Nyenyak di IKN, Basuki: karena AC","KompasTV Jember","https://www.youtube.com/@kompastvjember","16K views","1 day ago","Verified"
"https://www.youtube.com/shorts/uPA3OlJD2B8","Kapan Tol IKN Rampung, Akhir 2024?","Tollku","https://www.youtube.com/@tollku","1.8K views","1 day ago",""
"https://www.youtube.com/shorts/NG__dlP94Mo","Bukan IKN, Ini Lokasi Ibu Kota Negara Versi Soekarno #shorts","Tahu Sih","https://www.youtube.com/@tahusih","10K views","1 day ago",""
"https://www.youtube.com/watch?v=aeU6Bc2Ydo0&pp=ygUDaWtu","Perdana Berkantor di IKN, Jokowi: Belum Bisa Nyenyak Tidur di Istana - iNews Malam 29/07","Official iNews","https://www.youtube.com/@OfficialiNews","7.3K views","1 day ago","Verified"
"https://www.youtube.com/shorts/1oYM7m8fViU","Kesaksian Jokowi Ngantor di IKN: Air Melimpah, Listrik Oke, Internet Bagus #jokowi #ikn #shorts","Herman Saolabo","https://www.youtube.com/@Hermansaolabo","1.4K views","1 day ago",""
"https://www.youtube.com/watch?v=SBCYnJPmBbo&pp=ygUDaWtu","Suasana Rapat Perdana PRESIDEN JOKOWI Ngantor ISTANA Garuda IKN ! Pak BASUKI Sampaikan Hasilnya","berita surakarta","https://www.youtube.com/@beritasurakarta","214K views","2 days ago","Verified"
"https://www.youtube.com/watch?v=XnNATD6rYC4&pp=ygUDaWtu","Momen Jokowi ""Pamer"" Istana Garuda IKN ke Wartawan","Kompas.com","https://www.youtube.com/@kompascom","17K views","2 days ago","Verified"
"https://www.youtube.com/watch?v=KFg1cKBMlQU&pp=ygUDaWtu","Uji Coba Taksi Terbang IKN Buatan Hyundai","Kompas.com","https://www.youtube.com/@kompascom","34K views","2 days ago","Verified"
"https://www.youtube.com/watch?v=GGQsuelDO7U&pp=ygUDaWtu","Jokowi Bantah Pembangunan IKN Dikerjakan Terburu-buru, Begini Kata Tenaga Ahli KSP dan Komisi II DPR","KOMPASTV","https://www.youtube.com/@kompastv","18K views","2 days ago","Verified"
"https://www.youtube.com/watch?v=CU9y0n82Slg&pp=ygUDaWtu","Presiden Jokowi Menginap di IKN, Iriana Borong Tas","KOMPASTV","https://www.youtube.com/@kompastv","3.5K views","2 days ago","Verified"
"https://www.youtube.com/watch?v=Xir2c8Ijk0o&pp=ygUDaWtu","Cerita Jokowi soal Tidurnya di Kantor Presiden IKN Pertama Kali: Nggak Nyenyak","Kompas TV Malang","https://www.youtube.com/@kompastvmalang","11K views","2 days ago",""
"https://www.youtube.com/shorts/lDRxm0P4qRw","RAFFI AHMAD BUKAN SEMBARANG INFLUENCER! #raffiahmad #ikn #jokowi #influencer","Ngonten Ngoceh","https://www.youtube.com/@zeneveopaleva9886","1.5K views","2 days ago",""
"https://www.youtube.com/watch?v=AJTSzeYHm54&pp=ygUDaWtu","Mengaku Tidur Tak Nyenyak di IKN, Jokowi: Mungkin karena Baru Pertama Kali","KOMPASTV","https://www.youtube.com/@kompastv","9.6K views","2 days ago","Verified"
"https://www.youtube.com/shorts/Eb5sTuE5yuY","Jokowi Resmi Ngantor Di IKN, Makan Malam Dgn Influencer, Ada Atta, Vilmei, Willie Salim, Dll","Millenialzkece","https://www.youtube.com/@milenz","100K views","2 days ago","Verified"
"https://www.youtube.com/shorts/61i7VzBppJo","Momen Jokowi Motoran Bareng Artis & Influencer di IKN, Ada Raffi Ahmad hingga Atta Halilintar","Harian Surya","https://www.youtube.com/@TribunnewsSurya","2K views","2 days ago",""
"https://www.youtube.com/shorts/uxMuoHk3vK8","Raffi Ahmad Nagita Slavina temani Presiden Jokowi di IKN #jokowi #raffinagita #ikn #iknnusantara","Soffan Putranto","https://www.youtube.com/@soffanputranto","6.5K views","2 days ago",""
"https://www.youtube.com/shorts/WWqR4avUYFg","Pertama Kali Nginap di Istana IKN, Jokowi Akui Tak Nyenyak Tidur #shorts","Sinau Saham","https://www.youtube.com/@Rindank77","12K views","2 days ago",""
"https://www.youtube.com/watch?v=TQ2TE3FuNMw&pp=ygUDaWtu","Kantor Baru Presiden di IKN Diberi Nama Istana Garuda","CNN Indonesia","https://www.youtube.com/@CNNindonesiaOfficial","33K views","2 days ago","Verified"
"https://www.youtube.com/watch?v=2_5rvK4hNDI&pp=ygUDaWtu","[FULL] Jokowi Curhat Kali Pertama Ngantor di IKN","Kompas.com","https://www.youtube.com/@kompascom","4.9K views","2 days ago","Verified"
"https://www.youtube.com/watch?v=cPAMwPnhsBo&pp=ygUDaWtu","Jokowi Mulai Berkantor di IKN Langsung Genjot Perekonomian?","Kompas TV Sukabumi","https://www.youtube.com/@KompasTVSukabumi","42K views","2 days ago","Verified"
"https://www.youtube.com/watch?v=F1RwnW67gy8&pp=ygUDaWtu","Blak-blakan Basuki, Jokowi Tak Nyenyak Tidur di Istana IKN karena AC Tidak Dingin","Kompas.com","https://www.youtube.com/@kompascom","23K views","2 days ago","Verified"
"https://www.youtube.com/watch?v=n-YN9Jvq8TE&pp=ygUDaWtu","Presiden Jokowi Boyong Influencer Ke IKN Tuai Kritik [Primetime News]","METRO TV","https://www.youtube.com/@metrotvnews","11K views","2 days ago","Verified"
"https://www.youtube.com/watch?v=aeU6Bc2Ydo0&pp=ygUDaWtu","Perdana Berkantor di IKN, Jokowi: Belum Bisa Nyenyak Tidur di Istana - iNews Malam 29/07","Official iNews","https://www.youtube.com/@OfficialiNews","7.3K views","1 day ago","Verified"
"https://www.youtube.com/shorts/1oYM7m8fViU","Kesaksian Jokowi Ngantor di IKN: Air Melimpah, Listrik Oke, Internet Bagus #jokowi #ikn #shorts","Herman Saolabo","https://www.youtube.com/@Hermansaolabo","1.4K views","1 day ago",""
"https://www.youtube.com/watch?v=SBCYnJPmBbo&pp=ygUDaWtu","Suasana Rapat Perdana PRESIDEN JOKOWI Ngantor ISTANA Garuda IKN ! Pak BASUKI Sampaikan Hasilnya","berita surakarta","https://www.youtube.com/@beritasurakarta","214K views","2 days ago","Verified"
"https://www.youtube.com/watch?v=XnNATD6rYC4&pp=ygUDaWtu","Momen Jokowi ""Pamer"" Istana Garuda IKN ke Wartawan","Kompas.com","https://www.youtube.com/@kompascom","17K views","2 days ago","Verified"
"https://www.youtube.com/watch?v=KFg1cKBMlQU&pp=ygUDaWtu","Uji Coba Taksi Terbang IKN Buatan Hyundai","Kompas.com","https://www.youtube.com/@kompascom","34K views","2 days ago","Verified"
"https://www.youtube.com/watch?v=GGQsuelDO7U&pp=ygUDaWtu","Jokowi Bantah Pembangunan IKN Dikerjakan Terburu-buru, Begini Kata Tenaga Ahli KSP dan Komisi II DPR","KOMPASTV","https://www.youtube.com/@kompastv","18K views","2 days ago","Verified"
"https://www.youtube.com/watch?v=CU9y0n82Slg&pp=ygUDaWtu","Presiden Jokowi Menginap di IKN, Iriana Borong Tas","KOMPASTV","https://www.youtube.com/@kompastv","3.5K views","2 days ago","Verified"
"https://www.youtube.com/watch?v=Xir2c8Ijk0o&pp=ygUDaWtu","Cerita Jokowi soal Tidurnya di Kantor Presiden IKN Pertama Kali: Nggak Nyenyak","Kompas TV Malang","https://www.youtube.com/@kompastvmalang","11K views","2 days ago",""
"https://www.youtube.com/shorts/lDRxm0P4qRw","RAFFI AHMAD BUKAN SEMBARANG INFLUENCER! #raffiahmad #ikn #jokowi #influencer","Ngonten Ngoceh","https://www.youtube.com/@zeneveopaleva9886","1.5K views","2 days ago",""
"https://www.youtube.com/watch?v=AJTSzeYHm54&pp=ygUDaWtu","Mengaku Tidur Tak Nyenyak di IKN, Jokowi: Mungkin karena Baru Pertama Kali","KOMPASTV","https://www.youtube.com/@kompastv","9.6K views","2 days ago","Verified"
"https://www.youtube.com/shorts/Eb5sTuE5yuY","Jokowi Resmi Ngantor Di IKN, Makan Malam Dgn Influencer, Ada Atta, Vilmei, Willie Salim, Dll","Millenialzkece","https://www.youtube.com/@milenz","100K views","2 days ago","Verified"
"https://www.youtube.com/shorts/61i7VzBppJo","Momen Jokowi Motoran Bareng Artis & Influencer di IKN, Ada Raffi Ahmad hingga Atta Halilintar","Harian Surya","https://www.youtube.com/@TribunnewsSurya","2K views","2 days ago",""
"https://www.youtube.com/shorts/uxMuoHk3vK8","Raffi Ahmad Nagita Slavina temani Presiden Jokowi di IKN #jokowi #raffinagita #ikn #iknnusantara","Soffan Putranto","https://www.youtube.com/@soffanputranto","6.5K views","2 days ago",""
"https://www.youtube.com/shorts/WWqR4avUYFg","Pertama Kali Nginap di Istana IKN, Jokowi Akui Tak Nyenyak Tidur #shorts","Sinau Saham","https://www.youtube.com/@Rindank77","12K views","2 days ago",""
"https://www.youtube.com/watch?v=TQ2TE3FuNMw&pp=ygUDaWtu","Kantor Baru Presiden di IKN Diberi Nama Istana Garuda","CNN Indonesia","https://www.youtube.com/@CNNindonesiaOfficial","33K views","2 days ago","Verified"
"https://www.youtube.com/watch?v=2_5rvK4hNDI&pp=ygUDaWtu","[FULL] Jokowi Curhat Kali Pertama Ngantor di IKN","Kompas.com","https://www.youtube.com/@kompascom","4.9K views","2 days ago","Verified"
"https://www.youtube.com/watch?v=cPAMwPnhsBo&pp=ygUDaWtu","Jokowi Mulai Berkantor di IKN Langsung Genjot Perekonomian?","Kompas TV Sukabumi","https://www.youtube.com/@KompasTVSukabumi","42K views","2 days ago","Verified"
"https://www.youtube.com/watch?v=F1RwnW67gy8&pp=ygUDaWtu","Blak-blakan Basuki, Jokowi Tak Nyenyak Tidur di Istana IKN karena AC Tidak Dingin","Kompas.com","https://www.youtube.com/@kompascom","23K views","2 days ago","Verified"
"https://www.youtube.com/watch?v=n-YN9Jvq8TE&pp=ygUDaWtu","Presiden Jokowi Boyong Influencer Ke IKN Tuai Kritik [Primetime News]","METRO TV","https://www.youtube.com/@metrotvnews","11K views","2 days ago","Verified"
"https://www.youtube.com/watch?v=PJn5J1t8zoU&pp=ygUDaWtu","Korban Roket Golan Israel Hingga Jokowi Tidak Nyenyak Tidur di IKN","CNBC Indonesia","https://www.youtube.com/@CNBC_ID","20K views","2 days ago","Verified"
"https://www.youtube.com/watch?v=fXADhrYUXhg&pp=ygUDaWtu","Gelar Ratas Perdana di IKN, Jokowi: ""Soft Ngantor"", Pemanasan Kerja","KompasTV Jember","https://www.youtube.com/@kompastvjember","93K views","2 days ago","Verified"
"https://www.youtube.com/shorts/XqaUuVvV2yU","Jokowi mengaku tidak nyenyak tidur di IKN ‼️ #jokowi #iknnusantara #shortvideo","POPULER_ID","https://www.youtube.com/@populer_id7325","2.8K views","2 days ago",""
"https://www.youtube.com/watch?v=nrZ2eJib2go&pp=ygUDaWtu","Kereta Tanpa Rel di IKN Mulai Diuji Coba Pekan Depan","Kompas.com","https://www.youtube.com/@kompascom","23K views","2 days ago","Verified"
"https://www.youtube.com/watch?v=M89OODzNy10&pp=ygUDaWtu","Cerita Para Artis Menginap di IKN | AKIM tvOne","tvOneNews","https://www.youtube.com/@tvOneNews","61K views","2 days ago",""
"https://www.youtube.com/shorts/mXvBx5rCoZk","Presiden Jokowi Gelar Sejumlah Rapat Di IKN #jokowi #ikn","TVRI Nasional","https://www.youtube.com/@TVRINasional","2.3K views","2 days ago","Verified"
"https://www.youtube.com/shorts/72lTEUfUCDs","Presiden Jokowi Mulai Berkantor Di IKN Hari Ini #jokowi #ikn","TVRI Nasional","https://www.youtube.com/@TVRINasional","15K views","2 days ago","Verified"
"https://www.youtube.com/watch?v=qzXWaHY5JXQ&pp=ygUDaWtu","[FULL] MHI - SELAMAT NGANTOR DI IKN BULAN JULI PAK JOKOWI","medcom id","https://www.youtube.com/@medcomid","10K views","2 days ago",""
"https://www.youtube.com/shorts/Llo0yhy7cKw","Presiden RI Jokowi Akui Tidak Nyenyak Tidur Pertama Kali Di IKN","Tribun Sumsel Barat","https://www.youtube.com/@TribunSumselBar","878 views","2 days ago",""
"https://www.youtube.com/shorts/tcr_lpr9lLk","Jokowi Bermalam di IKN #jokowi #jokowidodo #ikn #shorts","Dinamika Kehidupan","https://www.youtube.com/@DinamikaKehidupan123","2.3K views","2 days ago",""
"https://www.youtube.com/shorts/2aQ6gc8tsmE","Selamat datang kembali di Tunas Penghijauan, Proses kirim IKN #pohonbesar #tanaman #ikn #jakarta","Tunas Penghijauan","https://www.youtube.com/@tunaspenghijauan","7.3K views","2 days ago",""
"https://www.youtube.com/watch?v=JzJz8qS420s&pp=ygUDaWtu","Jangan Keliru! Ini Beda Wujud Istana Garuda dan Istana Negara di IKN","Kompas.com","https://www.youtube.com/@kompascom","72K views","2 days ago","Verified"
"https://www.youtube.com/shorts/QOytY_BHR7s","Ibu Kota Nusantara (IKN) #ikn #iknnusantara #indonesia #ibukotaindonesia (cc: Cahaya Nusantara)","Rizu san study","https://www.youtube.com/@rizusanstudy5844","2.3K views","2 days ago",""
"https://www.youtube.com/watch?v=NSOCijkdrJo&pp=ygUDaWtu","Motoran hingga Menginap, Cerita Para Artis ke IKN Bareng Jokowi dan Iriana | Kabar Petang tvOne","tvOneNews","https://www.youtube.com/@tvOneNews","16K views","2 days ago",""
"https://www.youtube.com/shorts/M98Jxhlan50","KUNJUNGAN KERJA PRESIDEN KE IKN","TV Radio Polri","https://www.youtube.com/@TvRadioPolri","6.7K views","2 days ago",""
"https://www.youtube.com/shorts/uc_STGGt4cM","IKN Terkini #ikn #iknnusantara #ibukotaindonesia #indonesia #indonesiamaju (cc tiktok: motor keruk)","Rizu san study","https://www.youtube.com/@rizusanstudy5844","1.6K views","2 days ago",""
"https://www.youtube.com/shorts/uTEC4EKP6ac","Menginap Perdana di Istana IKN, Jokowi Tidak Nyenyak Tidur","Kompas.com","https://www.youtube.com/@kompascom","21K views","2 days ago","Verified"
"https://www.youtube.com/watch?v=7uy9DkuwInY&pp=ygUDaWtu","Kapan Sidang Kabinet Perdana di IKN Digelar? Ini Jawaban Jokowi...","Kompas.com","https://www.youtube.com/@kompascom","1.5K views","2 days ago","Verified"
"https://www.youtube.com/watch?v=1Hq5MrcXk8I&pp=ygUDaWtu","Mengintip Kantor Presiden di IKN","CNN Indonesia","https://www.youtube.com/@CNNindonesiaOfficial","89K views","2 days ago","Verified"
"https://www.youtube.com/watch?v=fXADhrYUXhg&pp=ygUDaWtu","Gelar Ratas Perdana di IKN, Jokowi: ""Soft Ngantor"", Pemanasan Kerja","KompasTV Jember","https://www.youtube.com/@kompastvjember","93K views","2 days ago","Verified"
"https://www.youtube.com/shorts/XqaUuVvV2yU","Jokowi mengaku tidak nyenyak tidur di IKN ‼️ #jokowi #iknnusantara #shortvideo","POPULER_ID","https://www.youtube.com/@populer_id7325","2.8K views","2 days ago",""
"https://www.youtube.com/watch?v=nrZ2eJib2go&pp=ygUDaWtu","Kereta Tanpa Rel di IKN Mulai Diuji Coba Pekan Depan","Kompas.com","https://www.youtube.com/@kompascom","23K views","2 days ago","Verified"
"https://www.youtube.com/watch?v=M89OODzNy10&pp=ygUDaWtu","Cerita Para Artis Menginap di IKN | AKIM tvOne","tvOneNews","https://www.youtube.com/@tvOneNews","61K views","2 days ago",""
"https://www.youtube.com/shorts/mXvBx5rCoZk","Presiden Jokowi Gelar Sejumlah Rapat Di IKN #jokowi #ikn","TVRI Nasional","https://www.youtube.com/@TVRINasional","2.3K views","2 days ago","Verified"
"https://www.youtube.com/shorts/72lTEUfUCDs","Presiden Jokowi Mulai Berkantor Di IKN Hari Ini #jokowi #ikn","TVRI Nasional","https://www.youtube.com/@TVRINasional","15K views","2 days ago","Verified"
"https://www.youtube.com/watch?v=qzXWaHY5JXQ&pp=ygUDaWtu","[FULL] MHI - SELAMAT NGANTOR DI IKN BULAN JULI PAK JOKOWI","medcom id","https://www.youtube.com/@medcomid","10K views","2 days ago",""
"https://www.youtube.com/shorts/Llo0yhy7cKw","Presiden RI Jokowi Akui Tidak Nyenyak Tidur Pertama Kali Di IKN","Tribun Sumsel Barat","https://www.youtube.com/@TribunSumselBar","878 views","2 days ago",""
"https://www.youtube.com/shorts/tcr_lpr9lLk","Jokowi Bermalam di IKN #jokowi #jokowidodo #ikn #shorts","Dinamika Kehidupan","https://www.youtube.com/@DinamikaKehidupan123","2.3K views","2 days ago",""
"https://www.youtube.com/shorts/2aQ6gc8tsmE","Selamat datang kembali di Tunas Penghijauan, Proses kirim IKN #pohonbesar #tanaman #ikn #jakarta","Tunas Penghijauan","https://www.youtube.com/@tunaspenghijauan","7.3K views","2 days ago",""
"https://www.youtube.com/watch?v=JzJz8qS420s&pp=ygUDaWtu","Jangan Keliru! Ini Beda Wujud Istana Garuda dan Istana Negara di IKN","Kompas.com","https://www.youtube.com/@kompascom","72K views","2 days ago","Verified"
"https://www.youtube.com/shorts/QOytY_BHR7s","Ibu Kota Nusantara (IKN) #ikn #iknnusantara #indonesia #ibukotaindonesia (cc: Cahaya Nusantara)","Rizu san study","https://www.youtube.com/@rizusanstudy5844","2.3K views","2 days ago",""
"https://www.youtube.com/watch?v=NSOCijkdrJo&pp=ygUDaWtu","Motoran hingga Menginap, Cerita Para Artis ke IKN Bareng Jokowi dan Iriana | Kabar Petang tvOne","tvOneNews","https://www.youtube.com/@tvOneNews","16K views","2 days ago",""
"https://www.youtube.com/shorts/M98Jxhlan50","KUNJUNGAN KERJA PRESIDEN KE IKN","TV Radio Polri","https://www.youtube.com/@TvRadioPolri","6.7K views","2 days ago",""
"https://www.youtube.com/shorts/uc_STGGt4cM","IKN Terkini #ikn #iknnusantara #ibukotaindonesia #indonesia #indonesiamaju (cc tiktok: motor keruk)","Rizu san study","https://www.youtube.com/@rizusanstudy5844","1.6K views","2 days ago",""
"https://www.youtube.com/shorts/uTEC4EKP6ac","Menginap Perdana di Istana IKN, Jokowi Tidak Nyenyak Tidur","Kompas.com","https://www.youtube.com/@kompascom","21K views","2 days ago","Verified"
"https://www.youtube.com/watch?v=7uy9DkuwInY&pp=ygUDaWtu","Kapan Sidang Kabinet Perdana di IKN Digelar? Ini Jawaban Jokowi...","Kompas.com","https://www.youtube.com/@kompascom","1.5K views","2 days ago","Verified"
"https://www.youtube.com/watch?v=1Hq5MrcXk8I&pp=ygUDaWtu","Mengintip Kantor Presiden di IKN","CNN Indonesia","https://www.youtube.com/@CNNindonesiaOfficial","89K views","2 days ago","Verified"
"https://www.youtube.com/shorts/ls9TMkLDmUA","Sholatlah sebelum diSholatkan","amin2194","https://www.youtube.com/@amorziga","3.8K views","2 days ago",""
"https://www.youtube.com/shorts/fJTXdb9lQCs","Tour IKN Presiden Jokowi Raffi Ahmad #artis #presidenjokowi #raffiahmad #raffinagita #nagitaslavina","Ulasan Info","https://www.youtube.com/@ulasaninfo","23K views","2 days ago",""
"https://www.youtube.com/watch?v=Rhu2iDpsXYc&pp=ygUDaWtu","KABAR IKN...‼️LIAT PERKEMBANGAN JEMBATAN DAN BANDARA VVIP IKN SECARA LANGSUNG KE LOKASI","Nengkuat Paser","https://www.youtube.com/@nengkuatpaser","22K views","2 days ago",""
"https://www.youtube.com/watch?v=iA_X7WItl5M&pp=ygUDaWtu","Sampai Kapan Presiden Jokowi Akan Berkantor di IKN?","Kompas.com","https://www.youtube.com/@kompascom","7.6K views","2 days ago","Verified"
"https://www.youtube.com/watch?v=IkiKxzVUAFQ&pp=ygUDaWtu","Ternyata Ada Sosok Ini Yang Membuat Pembangunan IKN Tersendat","Ganjil Misteri","https://www.youtube.com/@ganjilmisteri7633","37K views","2 days ago","Verified"
"https://www.youtube.com/shorts/sI2RygRxOWE","Momen bercanda jokowi tentang tidur di IKN #jokowi #indonesiamaju #ikn #iknnusantara #jokowidodo","Jalan Tengah","https://www.youtube.com/@madhyamapratipada","2.1K views","2 days ago",""
"https://www.youtube.com/shorts/xvvDvo7FTbk","Bpk Presiden JokowiMengajak para Influencer untuk melihat IKN #jokowidodo #ikn  #beritaterkini","Cerita Arsya","https://www.youtube.com/@CeritaArsya-90","2.8K views","2 days ago",""
"https://www.youtube.com/watch?v=usBVvc48xDo&pp=ygUDaWtu","Berkantor dan Rapat Terbatas Perdana di IKN, Presiden Minta Utamakan Partisipasi Masyarakat","KOMPASTV","https://www.youtube.com/@kompastv","3.1K views","2 days ago","Verified"
"https://www.youtube.com/watch?v=iGTUB_NLM1I&pp=ygUDaWtu","GEGER! PRABOWO 'GUSUR' GIBRAN KE IKN? PEMERINTAH MASIH TUTUPI ALASAN IKN BELUM SIAP!","Refly Harun","https://www.youtube.com/@ReflyHarunOfficial","28K views","2 days ago","Verified"
"https://www.youtube.com/shorts/hx04tzBZBWk","Istana Garuda, Nama Kantor Presiden Jokowi di IKN","Kompas.com","https://www.youtube.com/@kompascom","86K views","2 days ago","Verified"
"https://www.youtube.com/shorts/kb3cb0vNAgE","Menguak Rahasia Sunmori Pertama Jokowi di IKN","PinterPolitik TV","https://www.youtube.com/@PinterPolitik","3.1K views","2 days ago","Verified"
"https://www.youtube.com/watch?v=3QUKQF7UvjE&pp=ygUDaWtu","Nginep di Istana Garuda IKN, Jokowi: Gak Nyenyak Tidur","CNN Indonesia","https://www.youtube.com/@CNNindonesiaOfficial","19K views","2 days ago","Verified"
"https://www.youtube.com/watch?v=L5iYixHnJJs&pp=ygUDaWtu","BATAL RAPAT KABINET DI IKN, JOKOWI MALAH ""RAPAT"" DENGAN PARA ARTIS","Rocky Gerung Official","https://www.youtube.com/@RockyGerungOfficial_2024","162K views","2 days ago","Verified"
"https://www.youtube.com/watch?v=Je0j1W2ORQ4&pp=ygUDaWtu","Berkantor 3 Hari di IKN, Presiden Jokowi Tinjau Pembangunan Ibu Kota Nusantara jelang HUT RI","KompasTV Pontianak","https://www.youtube.com/@KompasTVPontianak","20K views","2 days ago","Verified"
"https://www.youtube.com/shorts/Qps8Wq9eeu8","Jokowi Tak Nyenyak Tidur di IKN: Saya Ngomong Apa Adanya","oxclbarnet","https://www.youtube.com/@oxclbarnet679","6K views","2 days ago",""
"https://www.youtube.com/shorts/St0aP6ZXlkQ","Jokowi Sebut Pak Bas Ajak Ngebut Saat Jajal Jembatan Pulau Balang IKN","Kompas.com","https://www.youtube.com/@kompascom","2.8K views","2 days ago","Verified"
"https://www.youtube.com/shorts/j42WPJokyQU","Bermalam Perdana di Istana IKN, Presiden Jokowi Akui Tidur Tak Nyenyak","Banjarmasin Post News Video","https://www.youtube.com/@banjarmasinpostnewsvideo","803 views","2 days ago",""
"https://www.youtube.com/watch?v=-64OY2sy334&pp=ygUDaWtu","Jokowi Beri Nama Istana Garuda untuk Gedung Kantor Presiden di IKN","Kompas.com","https://www.youtube.com/@kompascom","4.8K views","2 days ago","Verified"
"https://www.youtube.com/shorts/5dNR7M8uquI","JIKOWI Ajak influencer keliling IKN #jokowi #ikn #viralvideo #shorts #fyp","PARMAN","https://www.youtube.com/@parman0309","7 views","2 days ago",""
"https://www.youtube.com/shorts/-Ce23tQM4l4","Jokowi Sebut Tak Nyenyak Tidur di IKN: Saya Ngomong Apa Adanya","Okezone","https://www.youtube.com/@officialokezone","2K views","2 days ago",""
"https://www.youtube.com/shorts/fJTXdb9lQCs","Tour IKN Presiden Jokowi Raffi Ahmad #artis #presidenjokowi #raffiahmad #raffinagita #nagitaslavina","Ulasan Info","https://www.youtube.com/@ulasaninfo","23K views","2 days ago",""
"https://www.youtube.com/watch?v=Rhu2iDpsXYc&pp=ygUDaWtu","KABAR IKN...‼️LIAT PERKEMBANGAN JEMBATAN DAN BANDARA VVIP IKN SECARA LANGSUNG KE LOKASI","Nengkuat Paser","https://www.youtube.com/@nengkuatpaser","22K views","2 days ago",""
"https://www.youtube.com/watch?v=iA_X7WItl5M&pp=ygUDaWtu","Sampai Kapan Presiden Jokowi Akan Berkantor di IKN?","Kompas.com","https://www.youtube.com/@kompascom","7.6K views","2 days ago","Verified"
"https://www.youtube.com/watch?v=IkiKxzVUAFQ&pp=ygUDaWtu","Ternyata Ada Sosok Ini Yang Membuat Pembangunan IKN Tersendat","Ganjil Misteri","https://www.youtube.com/@ganjilmisteri7633","37K views","2 days ago","Verified"
"https://www.youtube.com/shorts/sI2RygRxOWE","Momen bercanda jokowi tentang tidur di IKN #jokowi #indonesiamaju #ikn #iknnusantara #jokowidodo","Jalan Tengah","https://www.youtube.com/@madhyamapratipada","2.1K views","2 days ago",""
"https://www.youtube.com/shorts/xvvDvo7FTbk","Bpk Presiden JokowiMengajak para Influencer untuk melihat IKN #jokowidodo #ikn  #beritaterkini","Cerita Arsya","https://www.youtube.com/@CeritaArsya-90","2.8K views","2 days ago",""
"https://www.youtube.com/watch?v=usBVvc48xDo&pp=ygUDaWtu","Berkantor dan Rapat Terbatas Perdana di IKN, Presiden Minta Utamakan Partisipasi Masyarakat","KOMPASTV","https://www.youtube.com/@kompastv","3.1K views","2 days ago","Verified"
"https://www.youtube.com/watch?v=iGTUB_NLM1I&pp=ygUDaWtu","GEGER! PRABOWO 'GUSUR' GIBRAN KE IKN? PEMERINTAH MASIH TUTUPI ALASAN IKN BELUM SIAP!","Refly Harun","https://www.youtube.com/@ReflyHarunOfficial","28K views","2 days ago","Verified"
"https://www.youtube.com/shorts/hx04tzBZBWk","Istana Garuda, Nama Kantor Presiden Jokowi di IKN","Kompas.com","https://www.youtube.com/@kompascom","86K views","2 days ago","Verified"
"https://www.youtube.com/shorts/kb3cb0vNAgE","Menguak Rahasia Sunmori Pertama Jokowi di IKN","PinterPolitik TV","https://www.youtube.com/@PinterPolitik","3.1K views","2 days ago","Verified"
"https://www.youtube.com/watch?v=3QUKQF7UvjE&pp=ygUDaWtu","Nginep di Istana Garuda IKN, Jokowi: Gak Nyenyak Tidur","CNN Indonesia","https://www.youtube.com/@CNNindonesiaOfficial","19K views","2 days ago","Verified"
"https://www.youtube.com/watch?v=L5iYixHnJJs&pp=ygUDaWtu","BATAL RAPAT KABINET DI IKN, JOKOWI MALAH ""RAPAT"" DENGAN PARA ARTIS","Rocky Gerung Official","https://www.youtube.com/@RockyGerungOfficial_2024","162K views","2 days ago","Verified"
"https://www.youtube.com/watch?v=Je0j1W2ORQ4&pp=ygUDaWtu","Berkantor 3 Hari di IKN, Presiden Jokowi Tinjau Pembangunan Ibu Kota Nusantara jelang HUT RI","KompasTV Pontianak","https://www.youtube.com/@KompasTVPontianak","20K views","2 days ago","Verified"
"https://www.youtube.com/shorts/Qps8Wq9eeu8","Jokowi Tak Nyenyak Tidur di IKN: Saya Ngomong Apa Adanya","oxclbarnet","https://www.youtube.com/@oxclbarnet679","6K views","2 days ago",""
"https://www.youtube.com/shorts/St0aP6ZXlkQ","Jokowi Sebut Pak Bas Ajak Ngebut Saat Jajal Jembatan Pulau Balang IKN","Kompas.com","https://www.youtube.com/@kompascom","2.8K views","2 days ago","Verified"
"https://www.youtube.com/shorts/j42WPJokyQU","Bermalam Perdana di Istana IKN, Presiden Jokowi Akui Tidur Tak Nyenyak","Banjarmasin Post News Video","https://www.youtube.com/@banjarmasinpostnewsvideo","803 views","2 days ago",""
"https://www.youtube.com/watch?v=-64OY2sy334&pp=ygUDaWtu","Jokowi Beri Nama Istana Garuda untuk Gedung Kantor Presiden di IKN","Kompas.com","https://www.youtube.com/@kompascom","4.8K views","2 days ago","Verified"
"https://www.youtube.com/shorts/5dNR7M8uquI","JIKOWI Ajak influencer keliling IKN #jokowi #ikn #viralvideo #shorts #fyp","PARMAN","https://www.youtube.com/@parman0309","7 views","2 days ago",""
"https://www.youtube.com/shorts/-Ce23tQM4l4","Jokowi Sebut Tak Nyenyak Tidur di IKN: Saya Ngomong Apa Adanya","Okezone","https://www.youtube.com/@officialokezone","2K views","2 days ago",""
"https://www.youtube.com/shorts/vCGoyE91aqA","Presiden Jokowi Mengaku Tidak Tidur Nyenyak di IKN: Mungkin karena Pertama Kali Saja","SINDOnews","https://www.youtube.com/@OfficialSINDOnews","2.2K views","2 days ago",""
"https://www.youtube.com/shorts/Jfc2e8IF2Bw","Tidur Pertama di IKN #jokowi #presidenjokowi #ikn","CHaidir AriEf","https://www.youtube.com/@QAWE511","10K views","2 days ago",""
"https://www.youtube.com/shorts/vePwMD_qGAo","Presiden Jokowi mulai NGANTOR di IKN #jokowi #jokowidodo #ikn","CHaidir AriEf","https://www.youtube.com/@QAWE511","1.3K views","2 days ago",""
"https://www.youtube.com/shorts/KLZAjenHi8Y","Jokowi Ngaku Nggak Nyenyak Tidur di IKN: Saya Ngomong Apa Adanya #jokowi #ikn","Ruang Dialek","https://www.youtube.com/@ruangdialek","3.4K views","2 days ago",""
"https://www.youtube.com/watch?v=pZXOhQVgptU&pp=ygUDaWtu","Jokowi Banggakan Fasilitas Penunjang Kerja di IKN, Termasuk Internet","Kompas.com","https://www.youtube.com/@kompascom","9.1K views","2 days ago",""
"https://www.youtube.com/watch?v=3EXm5BZzijg&t=13s&pp=ygUDaWtu","Keterangan Pers Plt. Kepala Otorita IKN Basuki Hadimuljono, IKN, 29 Juli 2024","Sekretariat Presiden","https://www.youtube.com/@SekretariatPresiden","76K views","2 days ago",""
"https://www.youtube.com/watch?v=npSSy_8XUg8&pp=ygUDaWtu","Newsline Trending Topic - Presiden Berkantor Di IKN","METRO TV","https://www.youtube.com/@metrotvnews","10K views","2 days ago",""
"https://www.youtube.com/watch?v=16SBS-Dtb2g&pp=ygUDaWtu","Jokowi Tak Nyenyak Tidur Saat Menginap Perdana di Istana IKN","Kompas.com","https://www.youtube.com/@kompascom","3.1K views","2 days ago",""
"https://www.youtube.com/watch?v=AR7XCVGGB14&pp=ygUDaWtu","Jokowi Mulai Berkantor di IKN, Angin Segar Untuk Ekonomi? | SEDANG VIRAL","Liputan6","https://www.youtube.com/@liputan6_news","31K views","2 days ago",""
"https://www.youtube.com/shorts/FgolWgUHexU","Bermalam Perdana di Istana IKN, Presiden Jokowi Akui Tidur Tak Nyenyak","Tribunnews Sultra Official","https://www.youtube.com/@TribunnewsSultraOfficial","2.3K views","2 days ago",""
"https://www.youtube.com/watch?v=ELtOGkXIUE8&pp=ygUDaWtu","PoV Times : JOKOWI PROMO IKN LEWAT INFLUENCER","IDN Times","https://www.youtube.com/@Idntimes","45K views","2 days ago",""
"https://www.youtube.com/watch?v=aOPWcANWPX8&pp=ygUDaWtu","Jokowi Ajak Artis & Influencer Bermalam di IKN | AKIS tvOne","tvOneNews","https://www.youtube.com/@tvOneNews","8.6K views","2 days ago",""
"https://www.youtube.com/watch?v=2Wzi1LSVB1I&pp=ygUDaWtu","Presiden Jokowi Mulai Ngantor di IKN | Beritasatu","BeritaSatu","https://www.youtube.com/@BeritaSatuChannel","31K views","2 days ago",""
"https://www.youtube.com/watch?v=woSd3BnPi0Q&pp=ygUDaWtu","Gelar Rapat Perdana di IKN, Jokowi: Pemanasan","Kompas.com","https://www.youtube.com/@kompascom","10K views","2 days ago",""
"https://www.youtube.com/watch?v=5iZSenBs1xs&pp=ygUDaWtu","Mulai Berkantor di IKN, Presiden Jokowi Pantau Persiapan HUT RI di Ibu Kota Nusantara","KompasTV Pontianak","https://www.youtube.com/@KompasTVPontianak","9.2K views","2 days ago",""
"https://www.youtube.com/shorts/ya8kP6tbhns","Momen Presiden Jokowi uji coba jalan tol di IKN #nusantara #jokowi #ikn #sunskuy #sunskuyindonesia","Sunskuy Indonesia","https://www.youtube.com/@SunskuyID","9.3K views","2 days ago",""
"https://www.youtube.com/watch?v=gPMSPO6UcW0&pp=ygUDaWtu","Malam Pertama Berkantor di IKN, Jokowi Tidak Tidur Nyenyak","Kompas.com","https://www.youtube.com/@kompascom","3.2K views","2 days ago",""
"https://www.youtube.com/shorts/4FOhJuNe0c0","PERTAMA KALI JOKOWI TIDUR DI ISTANA IKN","ANUGRAH rawameneng","https://www.youtube.com/@anugrah888","2.6K views","2 days ago",""
"https://www.youtube.com/shorts/-5D-UwY5MI0","presiden jokowi #presidenjokowi #ikn","TONTONIN AJA","https://www.youtube.com/@Tontoninaja07","2K views","2 days ago",""
"https://www.youtube.com/shorts/8v1bRkti6dk","Momen Pak Bas Tampil Stylish Bak 'ABG' saat Motoran di IKN, Pakai Helm Merah & Kaca Mata Hitam","Tribun Ternate","https://www.youtube.com/@tribunternate355","691 views","2 days ago",""
"https://www.youtube.com/shorts/Jfc2e8IF2Bw","Tidur Pertama di IKN #jokowi #presidenjokowi #ikn","CHaidir AriEf","https://www.youtube.com/@QAWE511","10K views","2 days ago",""
"https://www.youtube.com/shorts/vePwMD_qGAo","Presiden Jokowi mulai NGANTOR di IKN #jokowi #jokowidodo #ikn","CHaidir AriEf","https://www.youtube.com/@QAWE511","1.3K views","2 days ago",""
"https://www.youtube.com/shorts/KLZAjenHi8Y","Jokowi Ngaku Nggak Nyenyak Tidur di IKN: Saya Ngomong Apa Adanya #jokowi #ikn","Ruang Dialek","https://www.youtube.com/@ruangdialek","3.4K views","2 days ago",""
"https://www.youtube.com/watch?v=pZXOhQVgptU&pp=ygUDaWtu","Jokowi Banggakan Fasilitas Penunjang Kerja di IKN, Termasuk Internet","Kompas.com","https://www.youtube.com/@kompascom","9.1K views","2 days ago","Verified"
"https://www.youtube.com/watch?v=3EXm5BZzijg&t=13s&pp=ygUDaWtu","Keterangan Pers Plt. Kepala Otorita IKN Basuki Hadimuljono, IKN, 29 Juli 2024","Sekretariat Presiden","https://www.youtube.com/@SekretariatPresiden","76K views","2 days ago","Verified"
"https://www.youtube.com/watch?v=npSSy_8XUg8&pp=ygUDaWtu","Newsline Trending Topic - Presiden Berkantor Di IKN","METRO TV","https://www.youtube.com/@metrotvnews","10K views","2 days ago","Verified"
"https://www.youtube.com/watch?v=16SBS-Dtb2g&pp=ygUDaWtu","Jokowi Tak Nyenyak Tidur Saat Menginap Perdana di Istana IKN","Kompas.com","https://www.youtube.com/@kompascom","3.1K views","2 days ago","Verified"
"https://www.youtube.com/watch?v=AR7XCVGGB14&pp=ygUDaWtu","Jokowi Mulai Berkantor di IKN, Angin Segar Untuk Ekonomi? | SEDANG VIRAL","Liputan6","https://www.youtube.com/@liputan6_news","31K views","2 days ago","Verified"
"https://www.youtube.com/shorts/FgolWgUHexU","Bermalam Perdana di Istana IKN, Presiden Jokowi Akui Tidur Tak Nyenyak","Tribunnews Sultra Official","https://www.youtube.com/@TribunnewsSultraOfficial","2.3K views","2 days ago","Verified"
"https://www.youtube.com/watch?v=ELtOGkXIUE8&pp=ygUDaWtu","PoV Times : JOKOWI PROMO IKN LEWAT INFLUENCER","IDN Times","https://www.youtube.com/@Idntimes","45K views","2 days ago","Verified"
"https://www.youtube.com/watch?v=aOPWcANWPX8&pp=ygUDaWtu","Jokowi Ajak Artis & Influencer Bermalam di IKN | AKIS tvOne","tvOneNews","https://www.youtube.com/@tvOneNews","8.6K views","2 days ago",""
"https://www.youtube.com/watch?v=2Wzi1LSVB1I&pp=ygUDaWtu","Presiden Jokowi Mulai Ngantor di IKN | Beritasatu","BeritaSatu","https://www.youtube.com/@BeritaSatuChannel","31K views","2 days ago","Verified"
"https://www.youtube.com/watch?v=woSd3BnPi0Q&pp=ygUDaWtu","Gelar Rapat Perdana di IKN, Jokowi: Pemanasan","Kompas.com","https://www.youtube.com/@kompascom","10K views","2 days ago","Verified"
"https://www.youtube.com/watch?v=5iZSenBs1xs&pp=ygUDaWtu","Mulai Berkantor di IKN, Presiden Jokowi Pantau Persiapan HUT RI di Ibu Kota Nusantara","KompasTV Pontianak","https://www.youtube.com/@KompasTVPontianak","9.2K views","2 days ago","Verified"
"https://www.youtube.com/shorts/ya8kP6tbhns","Momen Presiden Jokowi uji coba jalan tol di IKN #nusantara #jokowi #ikn #sunskuy #sunskuyindonesia","Sunskuy Indonesia","https://www.youtube.com/@SunskuyID","9.3K views","2 days ago",""
"https://www.youtube.com/watch?v=gPMSPO6UcW0&pp=ygUDaWtu","Malam Pertama Berkantor di IKN, Jokowi Tidak Tidur Nyenyak","Kompas.com","https://www.youtube.com/@kompascom","3.2K views","2 days ago","Verified"
"https://www.youtube.com/shorts/4FOhJuNe0c0","PERTAMA KALI JOKOWI TIDUR DI ISTANA IKN","ANUGRAH rawameneng","https://www.youtube.com/@anugrah888","2.6K views","2 days ago",""
"https://www.youtube.com/shorts/-5D-UwY5MI0","presiden jokowi #presidenjokowi #ikn","TONTONIN AJA","https://www.youtube.com/@Tontoninaja07","2K views","2 days ago",""
"https://www.youtube.com/shorts/8v1bRkti6dk","Momen Pak Bas Tampil Stylish Bak 'ABG' saat Motoran di IKN, Pakai Helm Merah & Kaca Mata Hitam","Tribun Ternate","https://www.youtube.com/@tribunternate355","691 views","2 days ago",""
"https://www.youtube.com/shorts/-rkRbY6IcG4","Influencer Tinjau Progres IKN? Begini isi Pernyataanya dari Video Setpres","Diskursus Net","https://www.youtube.com/@diskursusnet","968 views","2 days ago","Verified"
"https://www.youtube.com/watch?v=THJhwcCJBqc&pp=ygUDaWtu","Testimoni Presiden Jokowi Menginap di IKN: Tidak Nyenyak | Liputan 6","Liputan6","https://www.youtube.com/@liputan6_news","22K views","2 days ago","Verified"
"https://www.youtube.com/watch?v=8tJdAlIOJKM&pp=ygUDaWtu","Cerita Jokowi Perdana Nginep di IKN dan Tinjau Istana Kepresidenan","Bisniscom","https://www.youtube.com/@BisnisTV","11K views","2 days ago","Verified"
"https://www.youtube.com/shorts/5chrAoZIsjE","Raffi Kaget‼️Ketika lihat langsung IKN, Penataan dan konsep bangunan sangat unik","KevynLeyn_Art's","https://www.youtube.com/@KevynLeyn","42K views","2 days ago",""
"https://www.youtube.com/shorts/b7lqDg7KCVg","Jokowi Tetapkan Nama Kantor Presiden di IKN jadi Istana Garuda","Tribun Kaltim Official","https://www.youtube.com/@tribunkaltimofficial","1K views","2 days ago","Verified"
"https://www.youtube.com/shorts/889fzHdONvw","Kesan Jokowi Usai Bermalam di IKN","Harian Kompas","https://www.youtube.com/@HarianKompasCetak","7.2K views","2 days ago","Verified"
"https://www.youtube.com/shorts/hmZXfArKTHM","Hari Pertama Kerja di IKN, Jokowi: Tidur Tidak Nyenyak","TirtoID","https://www.youtube.com/@TirtoID","7K views","2 days ago","Verified"
"https://www.youtube.com/shorts/ZnY0rxew1d0","Indonesia maju IKN Short #beritaterkini #youtubeshorts #youtube #news #ikn #viralvideo #viralshorts","Berita Viral Indonesia","https://www.youtube.com/@maradikanews","No views","2 days ago",""
"https://www.youtube.com/watch?v=ziQmpP5Z2hE&pp=ygUDaWtu","PRESIDEN JOKOWI, ARTIS DAN INFLUENCER NGINAP DI IKN, DIHUJAT BANYAK ORANG  GARA-GARA HAL INI","AGRI FANANI","https://www.youtube.com/@AGRIFANANI","79K views","2 days ago",""
"https://www.youtube.com/watch?v=eSQkeaeMycA&pp=ygUDaWtu","Ragam Jamuan Jokowi-Iriana untuk Santap Malam Bareng Influencer di IKN","Kompas.com","https://www.youtube.com/@kompascom","13K views","2 days ago","Verified"
"https://www.youtube.com/shorts/xrlTisQNkaM","Pertama Kali Menginap di Istana IKN, Jokowi Mengaku Tidur Tak Nyenyak","TRIBUN BALI","https://www.youtube.com/@tribunbaliupdate","904 views","2 days ago",""
"https://www.youtube.com/watch?v=5FW0xNY1ndg&t=12s&pp=ygUDaWtu","Siaran Langsung di KIPP IKN saat kunjungan Presiden Akhir Juli 2024","DIAN RANA","https://www.youtube.com/@DIAN_RANA","76K views","Streamed 2 days ago","Verified"
"https://www.youtube.com/watch?v=n22ZeE_oYjs&pp=ygUDaWtu","Nginap di Kantor Presiden IKN, Jokowi: Nggak Nyenyak","KOMPASTV JATENG","https://www.youtube.com/@gambardaerah","34K views","2 days ago","Verified"
"https://www.youtube.com/shorts/TrsG9__xtCM","JOKOWI TAK NYENYAK TIDUR DI IKN","MGS TELEVISI","https://www.youtube.com/@MGSTELEVISI","868 views","2 days ago",""
"https://www.youtube.com/watch?v=ECjjI8sizLY&pp=ygUDaWtu","IKN Terbaru Hari ini‼️Update Progres RTJM, Bukit Bendera IKN & Memorial Park IKN 29 Juli 2024 🇮🇩","Indonesia Terbarukan 🇮🇩","https://www.youtube.com/@indonesiaterbarukan","32K views","2 days ago",""
"https://www.youtube.com/shorts/ooZUugd-Jnw","Jokowi Jajal Tol IKN Pakai Sepeda Motor Bersama Influencer #shorts","Tempodotco","https://www.youtube.com/@TempoVideoChannel","4.7K views","2 days ago","Verified"
"https://www.youtube.com/watch?v=ESaHy03EpwA&pp=ygUDaWtu","Ditanya soal Tidurnya di Kantor Presiden IKN Pertama Kali, Jokowi: Nggak Nyenyak","KOMPASTV LAMPUNG","https://www.youtube.com/@kompastvlampung","10K views","2 days ago",""
"https://www.youtube.com/shorts/5w1LTekod7s","Jokowi Respons Alasan Mulai Berkantor dan Bermalam di IKN #shorts","Hward","https://www.youtube.com/@HwardMD","1.6K views","2 days ago",""
"https://www.youtube.com/shorts/Dp-R8J3zFzI","Jokowi Sebut Tidur Pertama Kali di IKN Tidak Nyenyak","BITV","https://www.youtube.com/@bitvofficial","2.1K views","2 days ago",""
"https://www.youtube.com/shorts/HRm8XQWGmSQ","Para Artis Dan Influencer Motoran Bareng Presiden Jokowi di IKN","TribunnewsWIKI Official","https://www.youtube.com/@tribunnewswiki","2K views","2 days ago",""
"https://www.youtube.com/watch?v=THJhwcCJBqc&pp=ygUDaWtu","Testimoni Presiden Jokowi Menginap di IKN: Tidak Nyenyak | Liputan 6","Liputan6","https://www.youtube.com/@liputan6_news","22K views","2 days ago","Verified"
"https://www.youtube.com/watch?v=8tJdAlIOJKM&pp=ygUDaWtu","Cerita Jokowi Perdana Nginep di IKN dan Tinjau Istana Kepresidenan","Bisniscom","https://www.youtube.com/@BisnisTV","11K views","2 days ago","Verified"
"https://www.youtube.com/shorts/5chrAoZIsjE","Raffi Kaget‼️Ketika lihat langsung IKN, Penataan dan konsep bangunan sangat unik","KevynLeyn_Art's","https://www.youtube.com/@KevynLeyn","42K views","2 days ago",""
"https://www.youtube.com/shorts/b7lqDg7KCVg","Jokowi Tetapkan Nama Kantor Presiden di IKN jadi Istana Garuda","Tribun Kaltim Official","https://www.youtube.com/@tribunkaltimofficial","1K views","2 days ago","Verified"
"https://www.youtube.com/shorts/889fzHdONvw","Kesan Jokowi Usai Bermalam di IKN","Harian Kompas","https://www.youtube.com/@HarianKompasCetak","7.2K views","2 days ago","Verified"
"https://www.youtube.com/shorts/hmZXfArKTHM","Hari Pertama Kerja di IKN, Jokowi: Tidur Tidak Nyenyak","TirtoID","https://www.youtube.com/@TirtoID","7K views","2 days ago","Verified"
"https://www.youtube.com/shorts/ZnY0rxew1d0","Indonesia maju IKN Short #beritaterkini #youtubeshorts #youtube #news #ikn #viralvideo #viralshorts","Berita Viral Indonesia","https://www.youtube.com/@maradikanews","No views","2 days ago",""
"https://www.youtube.com/watch?v=ziQmpP5Z2hE&pp=ygUDaWtu","PRESIDEN JOKOWI, ARTIS DAN INFLUENCER NGINAP DI IKN, DIHUJAT BANYAK ORANG  GARA-GARA HAL INI","AGRI FANANI","https://www.youtube.com/@AGRIFANANI","79K views","2 days ago",""
"https://www.youtube.com/watch?v=eSQkeaeMycA&pp=ygUDaWtu","Ragam Jamuan Jokowi-Iriana untuk Santap Malam Bareng Influencer di IKN","Kompas.com","https://www.youtube.com/@kompascom","13K views","2 days ago","Verified"
"https://www.youtube.com/shorts/xrlTisQNkaM","Pertama Kali Menginap di Istana IKN, Jokowi Mengaku Tidur Tak Nyenyak","TRIBUN BALI","https://www.youtube.com/@tribunbaliupdate","904 views","2 days ago",""
"https://www.youtube.com/watch?v=5FW0xNY1ndg&t=12s&pp=ygUDaWtu","Siaran Langsung di KIPP IKN saat kunjungan Presiden Akhir Juli 2024","DIAN RANA","https://www.youtube.com/@DIAN_RANA","76K views","Streamed 2 days ago","Verified"
"https://www.youtube.com/watch?v=n22ZeE_oYjs&pp=ygUDaWtu","Nginap di Kantor Presiden IKN, Jokowi: Nggak Nyenyak","KOMPASTV JATENG","https://www.youtube.com/@gambardaerah","34K views","2 days ago","Verified"
"https://www.youtube.com/shorts/TrsG9__xtCM","JOKOWI TAK NYENYAK TIDUR DI IKN","MGS TELEVISI","https://www.youtube.com/@MGSTELEVISI","868 views","2 days ago",""
"https://www.youtube.com/watch?v=ECjjI8sizLY&pp=ygUDaWtu","IKN Terbaru Hari ini‼️Update Progres RTJM, Bukit Bendera IKN & Memorial Park IKN 29 Juli 2024 🇮🇩","Indonesia Terbarukan 🇮🇩","https://www.youtube.com/@indonesiaterbarukan","32K views","2 days ago",""
"https://www.youtube.com/shorts/ooZUugd-Jnw","Jokowi Jajal Tol IKN Pakai Sepeda Motor Bersama Influencer #shorts","Tempodotco","https://www.youtube.com/@TempoVideoChannel","4.7K views","2 days ago","Verified"
"https://www.youtube.com/watch?v=ESaHy03EpwA&pp=ygUDaWtu","Ditanya soal Tidurnya di Kantor Presiden IKN Pertama Kali, Jokowi: Nggak Nyenyak","KOMPASTV LAMPUNG","https://www.youtube.com/@kompastvlampung","10K views","2 days ago",""
"https://www.youtube.com/shorts/5w1LTekod7s","Jokowi Respons Alasan Mulai Berkantor dan Bermalam di IKN #shorts","Hward","https://www.youtube.com/@HwardMD","1.6K views","2 days ago",""
"https://www.youtube.com/shorts/Dp-R8J3zFzI","Jokowi Sebut Tidur Pertama Kali di IKN Tidak Nyenyak","BITV","https://www.youtube.com/@bitvofficial","2.1K views","2 days ago",""
"https://www.youtube.com/shorts/HRm8XQWGmSQ","Para Artis Dan Influencer Motoran Bareng Presiden Jokowi di IKN","TribunnewsWIKI Official","https://www.youtube.com/@tribunnewswiki","2K views","2 days ago",""
"https://www.youtube.com/watch?v=HHV5_OJjLo0&pp=ygUDaWtu","Berjalan-jalan di Istana Kepresidenan IKN | Kabar Siang tvOne","tvOneNews","https://www.youtube.com/@tvOneNews","118K views","2 days ago",""
"https://www.youtube.com/shorts/EbrBprtf-wQ","Raffi Ahmad Diundang Jokowi ke IKN","Mau Tau Aja","https://www.youtube.com/@mautauaja.y","16K views","2 days ago",""
"https://www.youtube.com/watch?v=VRqNhmARl0s&pp=ygUDaWtu","Jajal Motoran di Jembatan Pulau Balang IKN, Jokowi: Pak Basuki Ajak Ngebut","Kompas.com","https://www.youtube.com/@kompascom","42K views","2 days ago","Verified"
"https://www.youtube.com/shorts/MEdeQTEskkE","Gaya Jokowi Motoran Bareng Influencer di Jalan Tol IKN, Kepala Negara Geber Motor Chopper Bober","Tribunnews","https://www.youtube.com/@tribunnews","2.1K views","2 days ago","Verified"
"https://www.youtube.com/shorts/rUUlL9SU1BQ","Ajak Sejumlah Selebriti Tanah Air, Presiden Jokowi Mulai Berkantor di IKN","CNN Indonesia","https://www.youtube.com/@CNNindonesiaOfficial","3.4K views","2 days ago","Verified"
"https://www.youtube.com/watch?v=sSFZne0EQfk&pp=ygUDaWtu","Momen Hari Pertama Jokowi Kerja di IKN, Semalam Ngaku Tak Bisa Tidur Nyenyak","MerdekaDotCom","https://www.youtube.com/@merdekadotcom","8.7K views","2 days ago","Verified"
"https://www.youtube.com/shorts/DBRhwOMuBDw","Jokowi Ajak Artis hingga Influencer Tanah Air Motoran di Tol IKN, Ada Raffi Ahmad Sampai Atta","TribunJakarta Official","https://www.youtube.com/@tribunjakarta","2K views","2 days ago",""
"https://www.youtube.com/shorts/AWBPw8sasXI","ketika raffi irwansyah gading Atta kaget dengan IKN","BERITA ISTANA","https://www.youtube.com/@BERITAISTANA1","9.2K views","2 days ago",""
"https://www.youtube.com/shorts/en6bxNkylR8","Jokowi Konvoi Motor ke IKN Bareng Artis2 #indonesia #breakingnews #jokowidodo #president #ikn","TV Andi","https://www.youtube.com/@tvandi","8.2K views","2 days ago",""
"https://www.youtube.com/watch?v=Rns6uEdCa8Q&pp=ygUDaWtu","TUKANG NYINYIR IKN KANDAS, LIHAT JOKOWI GEBER MOTOR DI TOL ! TEKNOLOGI BARU SAMBUT HUT RI KE 79","PERSPEKTIF","https://www.youtube.com/@perspektifspace","69K views","2 days ago","Verified"
"https://www.youtube.com/shorts/cITXsvR3WBc","Takut Sepi, Jokowi Boyong Artis dan Influencer Bikin Ramai IKN","SripokuTV","https://www.youtube.com/@SripokuTV","7.9K views","2 days ago",""
"https://www.youtube.com/watch?v=eWrzW2Jqc4Q&pp=ygUDaWtu","Motoran Jajal Jalan Tol IKN, Jokowi: Lancar dan Mulus","Kompas.com","https://www.youtube.com/@kompascom","1.5K views","2 days ago","Verified"
"https://www.youtube.com/shorts/NYFpK1Nyzuo","Jokowi Lagi Pamer Ikn Kepada Artis-artis Dan Youtuber #ikn","BERITA ISTANA","https://www.youtube.com/@BERITAISTANA1","1.6K views","2 days ago",""
"https://www.youtube.com/watch?v=b9Ke7HakCj4&pp=ygUDaWtu","Perdana Berkantor di IKN, Simak Agenda Presiden Jokowi Hari Ini","KOMPASTV","https://www.youtube.com/@kompastv","71K views","2 days ago","Verified"
"https://www.youtube.com/shorts/Zl8FBx0dqC8","IKN Saat ini Jadi Omongan Dunia😍, ikut bangga bukan ikut nyinyir😁","KevynLeyn_Art's","https://www.youtube.com/@KevynLeyn","28K views","2 days ago",""
"https://www.youtube.com/watch?v=lGDA8FUIBaw&pp=ygUDaWtu","Momen Presiden Jokowi dan Ibu Negara Makan Malam Bersama Influencer di IKN","Warta Kota Production","https://www.youtube.com/@WARTAKOTAPRODUCTION","12K views","2 days ago","Verified"
"https://www.youtube.com/shorts/Q0CndseK35Y","Pengakuan Jokowi Tidak Nyenyak Tidur DI IKN","BERITA ISTANA","https://www.youtube.com/@BERITAISTANA1","3.4K views","2 days ago",""
"https://www.youtube.com/watch?v=VSuRBAVksLs&pp=ygUDaWtu","Presiden Jokowi Resmi Berkantor di IKN - iNews Today 29/07","Official iNews","https://www.youtube.com/@OfficialiNews","2.6K views","2 days ago","Verified"
"https://www.youtube.com/shorts/F1Or_8vcAeE","Jajal Tol di IKN, Jokowi Motoran Bareng Artis dan Influencer","Okezone","https://www.youtube.com/@officialokezone","11K views","2 days ago",""
"https://www.youtube.com/shorts/AMd8JLj5T_M","Momen Jokowi Riding Bareng Artis dan Influencer saat Resmikan Jembatan Balang di IKN","SINDOnews","https://www.youtube.com/@OfficialSINDOnews","3.3K views","2 days ago",""
"https://www.youtube.com/shorts/EbrBprtf-wQ","Raffi Ahmad Diundang Jokowi ke IKN","Mau Tau Aja","https://www.youtube.com/@mautauaja.y","16K views","2 days ago",""
"https://www.youtube.com/watch?v=VRqNhmARl0s&pp=ygUDaWtu","Jajal Motoran di Jembatan Pulau Balang IKN, Jokowi: Pak Basuki Ajak Ngebut","Kompas.com","https://www.youtube.com/@kompascom","42K views","2 days ago","Verified"
"https://www.youtube.com/shorts/MEdeQTEskkE","Gaya Jokowi Motoran Bareng Influencer di Jalan Tol IKN, Kepala Negara Geber Motor Chopper Bober","Tribunnews","https://www.youtube.com/@tribunnews","2.1K views","2 days ago","Verified"
"https://www.youtube.com/shorts/rUUlL9SU1BQ","Ajak Sejumlah Selebriti Tanah Air, Presiden Jokowi Mulai Berkantor di IKN","CNN Indonesia","https://www.youtube.com/@CNNindonesiaOfficial","3.4K views","2 days ago","Verified"
"https://www.youtube.com/watch?v=sSFZne0EQfk&pp=ygUDaWtu","Momen Hari Pertama Jokowi Kerja di IKN, Semalam Ngaku Tak Bisa Tidur Nyenyak","MerdekaDotCom","https://www.youtube.com/@merdekadotcom","8.7K views","2 days ago","Verified"
"https://www.youtube.com/shorts/DBRhwOMuBDw","Jokowi Ajak Artis hingga Influencer Tanah Air Motoran di Tol IKN, Ada Raffi Ahmad Sampai Atta","TribunJakarta Official","https://www.youtube.com/@tribunjakarta","2K views","2 days ago",""
"https://www.youtube.com/shorts/AWBPw8sasXI","ketika raffi irwansyah gading Atta kaget dengan IKN","BERITA ISTANA","https://www.youtube.com/@BERITAISTANA1","9.2K views","2 days ago",""
"https://www.youtube.com/shorts/en6bxNkylR8","Jokowi Konvoi Motor ke IKN Bareng Artis2 #indonesia #breakingnews #jokowidodo #president #ikn","TV Andi","https://www.youtube.com/@tvandi","8.2K views","2 days ago",""
"https://www.youtube.com/watch?v=Rns6uEdCa8Q&pp=ygUDaWtu","TUKANG NYINYIR IKN KANDAS, LIHAT JOKOWI GEBER MOTOR DI TOL ! TEKNOLOGI BARU SAMBUT HUT RI KE 79","PERSPEKTIF","https://www.youtube.com/@perspektifspace","69K views","2 days ago","Verified"
"https://www.youtube.com/shorts/cITXsvR3WBc","Takut Sepi, Jokowi Boyong Artis dan Influencer Bikin Ramai IKN","SripokuTV","https://www.youtube.com/@SripokuTV","7.9K views","2 days ago",""
"https://www.youtube.com/watch?v=eWrzW2Jqc4Q&pp=ygUDaWtu","Motoran Jajal Jalan Tol IKN, Jokowi: Lancar dan Mulus","Kompas.com","https://www.youtube.com/@kompascom","1.5K views","2 days ago","Verified"
"https://www.youtube.com/shorts/NYFpK1Nyzuo","Jokowi Lagi Pamer Ikn Kepada Artis-artis Dan Youtuber #ikn","BERITA ISTANA","https://www.youtube.com/@BERITAISTANA1","1.6K views","2 days ago",""
"https://www.youtube.com/watch?v=b9Ke7HakCj4&pp=ygUDaWtu","Perdana Berkantor di IKN, Simak Agenda Presiden Jokowi Hari Ini","KOMPASTV","https://www.youtube.com/@kompastv","71K views","2 days ago","Verified"
"https://www.youtube.com/shorts/Zl8FBx0dqC8","IKN Saat ini Jadi Omongan Dunia😍, ikut bangga bukan ikut nyinyir😁","KevynLeyn_Art's","https://www.youtube.com/@KevynLeyn","28K views","2 days ago",""
"https://www.youtube.com/watch?v=lGDA8FUIBaw&pp=ygUDaWtu","Momen Presiden Jokowi dan Ibu Negara Makan Malam Bersama Influencer di IKN","Warta Kota Production","https://www.youtube.com/@WARTAKOTAPRODUCTION","12K views","2 days ago","Verified"
"https://www.youtube.com/shorts/Q0CndseK35Y","Pengakuan Jokowi Tidak Nyenyak Tidur DI IKN","BERITA ISTANA","https://www.youtube.com/@BERITAISTANA1","3.4K views","2 days ago",""
"https://www.youtube.com/watch?v=VSuRBAVksLs&pp=ygUDaWtu","Presiden Jokowi Resmi Berkantor di IKN - iNews Today 29/07","Official iNews","https://www.youtube.com/@OfficialiNews","2.6K views","2 days ago","Verified"
"https://www.youtube.com/shorts/F1Or_8vcAeE","Jajal Tol di IKN, Jokowi Motoran Bareng Artis dan Influencer","Okezone","https://www.youtube.com/@officialokezone","11K views","2 days ago",""
"https://www.youtube.com/shorts/AMd8JLj5T_M","Momen Jokowi Riding Bareng Artis dan Influencer saat Resmikan Jembatan Balang di IKN","SINDOnews","https://www.youtube.com/@OfficialSINDOnews","3.3K views","2 days ago",""
"https://www.youtube.com/shorts/pkRUkVEb2ak","Momen Jokowi Ajak Artis dan Influencer Motoran Bareng di Tol IKN","Official iNews","https://www.youtube.com/@OfficialiNews","8.4K views","2 days ago","Verified"
"https://www.youtube.com/shorts/oTCtrWkYhyY","SOAL INVESTASI ASING KE IKN, JOKOWI MASIH TUNGGU REGULASI","medcom id","https://www.youtube.com/@medcomid","8.1K views","2 days ago",""
"https://www.youtube.com/watch?v=6S08wKph_WA&pp=ygUDaWtu","Ditanya soal Tidurnya di Kantor Presiden IKN Pertama Kali, Jokowi: Nggak Nyenyak","KOMPASTV","https://www.youtube.com/@kompastv","15K views","2 days ago","Verified"
"https://www.youtube.com/shorts/FrlwhWrb0sA","Jokowi Mulai Ngantor di IKN, Ceritakan Pengalaman Perdana Nginap di Kantor Presiden #shorts","KompasTV Pontianak","https://www.youtube.com/@KompasTVPontianak","59K views","2 days ago","Verified"
"https://www.youtube.com/watch?v=_t5OvKOW1IU&pp=ygUDaWtu","MOMEN PRESIDEN JOKOWI NGAJAK TOUR DI KANTOR KEPRESIDENAN IKN","medcom id","https://www.youtube.com/@medcomid","31K views","2 days ago",""
"https://www.youtube.com/watch?v=kODhFJzv2Go&pp=ygUDaWtu","Jokowi Mulai Ngantor di IKN, Ceritakan Pengalaman Perdana Nginap di Kantor Presiden","KompasTV Pontianak","https://www.youtube.com/@KompasTVPontianak","66K views","2 days ago","Verified"
"https://www.youtube.com/watch?v=O9meoJnab8I&pp=ygUDaWtu","Hari Pertama Kerja, Jokowi Ajak Wartawan Keliling Kantor Presiden di IKN","SINDOnews","https://www.youtube.com/@OfficialSINDOnews","16K views","2 days ago",""
"https://www.youtube.com/shorts/-J10SgrVqEM","Artis ibu kota di undang ke IKN bareng presiden RI‼️","Kapten Meki","https://www.youtube.com/@KaptenMeki","13K views","2 days ago",""
"https://www.youtube.com/watch?v=QGJBmWtFIf8&pp=ygUDaWtu","Mulai Hari Ini Presiden Akan Berkantor di IKN Selama Tiga Hari | AKIP tvOne","tvOneNews","https://www.youtube.com/@tvOneNews","18K views","2 days ago",""
"https://www.youtube.com/watch?v=weQETkclLdk&pp=ygUDaWtu","IKN TERKINI! JAJAL TOL IKN 3 SEKSI 5A 3B 3A - P.BALANG - STA 15 IBU KOTA NUSANTARA  29 Juli 2024","Mbah Min Bpn 🇮🇩","https://www.youtube.com/@iknkaltim","31K views","2 days ago",""
"https://www.youtube.com/shorts/sQF8WDtWiCs","🔴MOMENT PRESIDEN JOKOWI RESMIKAN JEMBATAN PULAU BALANG #ikn #indonesiamaju #shorts","IndonesiaPedia","https://www.youtube.com/@IndonesiaPedia346","2.1K views","2 days ago",""
"https://www.youtube.com/shorts/BYCBijpmKnc","Keliling IKN, Jokowi Geber Motor Chopper Bober","Kompascom Reporter on Location","https://www.youtube.com/@kompascomreport","1.4K views","2 days ago","Verified"
"https://www.youtube.com/watch?v=cywJ0lNahSY&pp=ygUDaWtu","Momen Jokowi Motoran dengan Influencer di Jalan Tol IKN","Bisniscom","https://www.youtube.com/@BisnisTV","4.7K views","2 days ago","Verified"
"https://www.youtube.com/shorts/HeEp1qSVYgw","Presiden RI Joko Widodo Mengajak Sejumlah Selebritas Untuk Bermotor Di Tol (IKN)","Tribunnewsmaker Official","https://www.youtube.com/@tribunnewsmaker","13K views","2 days ago",""
"https://www.youtube.com/watch?v=JV-uXq7gAfU&pp=ygUDaWtu","Akses Jalan Sudah Terbangun, Minat Investasi Ke IKN Meningkat? -   [Selamat Pagi Indonesia]","METRO TV","https://www.youtube.com/@metrotvnews","5.8K views","2 days ago","Verified"
"https://www.youtube.com/shorts/lr1zjNv8bGU","Keliling IKN, Jokowi Geber Motor Chopper Bober","Kompas.com","https://www.youtube.com/@kompascom","46K views","2 days ago","Verified"
"https://www.youtube.com/shorts/s92zozWT29Y","amin rais langsung bungkam lihat ini#aminrais#IKN. #pembangunanIKN","raja koplak","https://www.youtube.com/@Koplak_berita","261 views","2 days ago",""
"https://www.youtube.com/watch?v=TYaOxR-Uj0Y&pp=ygUDaWtu","Keterangan Pers Presiden Jokowi Saat Ajak Media Tinjau Kawasan Istana, IKN, 29 Juli 2024","Sekretariat Presiden","https://www.youtube.com/@SekretariatPresiden","126K views","2 days ago","Verified"
"https://www.youtube.com/watch?v=t3VQML78gDs&pp=ygUDaWtu","NGABALIN BUKAN INTELEKTUAL !! SIASAT JOKOWI ANGKUT ARTIS KE IKN DIBELA DENGAN UCAPAN TAK NYAMBUNG..","Saeful Zaman","https://www.youtube.com/@SaefulZaman","22K views","Streamed 2 days ago","Verified"
"https://www.youtube.com/shorts/nYAxFqf-vZw","Ini Alasan Presiden Jokowi Pilih Naik Sepeda Motor Jajal Jalan Tol IKN #jokowi #jokowidodo","voidotid","https://www.youtube.com/@voidotid","980 views","2 days ago",""
"https://www.youtube.com/shorts/oTCtrWkYhyY","SOAL INVESTASI ASING KE IKN, JOKOWI MASIH TUNGGU REGULASI","medcom id","https://www.youtube.com/@medcomid","8.1K views","2 days ago",""
"https://www.youtube.com/watch?v=6S08wKph_WA&pp=ygUDaWtu","Ditanya soal Tidurnya di Kantor Presiden IKN Pertama Kali, Jokowi: Nggak Nyenyak","KOMPASTV","https://www.youtube.com/@kompastv","15K views","2 days ago","Verified"
"https://www.youtube.com/shorts/FrlwhWrb0sA","Jokowi Mulai Ngantor di IKN, Ceritakan Pengalaman Perdana Nginap di Kantor Presiden #shorts","KompasTV Pontianak","https://www.youtube.com/@KompasTVPontianak","59K views","2 days ago","Verified"
"https://www.youtube.com/watch?v=_t5OvKOW1IU&pp=ygUDaWtu","MOMEN PRESIDEN JOKOWI NGAJAK TOUR DI KANTOR KEPRESIDENAN IKN","medcom id","https://www.youtube.com/@medcomid","31K views","2 days ago",""
"https://www.youtube.com/watch?v=kODhFJzv2Go&pp=ygUDaWtu","Jokowi Mulai Ngantor di IKN, Ceritakan Pengalaman Perdana Nginap di Kantor Presiden","KompasTV Pontianak","https://www.youtube.com/@KompasTVPontianak","66K views","2 days ago","Verified"
"https://www.youtube.com/watch?v=O9meoJnab8I&pp=ygUDaWtu","Hari Pertama Kerja, Jokowi Ajak Wartawan Keliling Kantor Presiden di IKN","SINDOnews","https://www.youtube.com/@OfficialSINDOnews","16K views","2 days ago",""
"https://www.youtube.com/shorts/-J10SgrVqEM","Artis ibu kota di undang ke IKN bareng presiden RI‼️","Kapten Meki","https://www.youtube.com/@KaptenMeki","13K views","2 days ago",""
"https://www.youtube.com/watch?v=QGJBmWtFIf8&pp=ygUDaWtu","Mulai Hari Ini Presiden Akan Berkantor di IKN Selama Tiga Hari | AKIP tvOne","tvOneNews","https://www.youtube.com/@tvOneNews","18K views","2 days ago",""
"https://www.youtube.com/watch?v=weQETkclLdk&pp=ygUDaWtu","IKN TERKINI! JAJAL TOL IKN 3 SEKSI 5A 3B 3A - P.BALANG - STA 15 IBU KOTA NUSANTARA  29 Juli 2024","Mbah Min Bpn 🇮🇩","https://www.youtube.com/@iknkaltim","31K views","2 days ago",""
"https://www.youtube.com/shorts/sQF8WDtWiCs","🔴MOMENT PRESIDEN JOKOWI RESMIKAN JEMBATAN PULAU BALANG #ikn #indonesiamaju #shorts","IndonesiaPedia","https://www.youtube.com/@IndonesiaPedia346","2.1K views","2 days ago",""
"https://www.youtube.com/shorts/BYCBijpmKnc","Keliling IKN, Jokowi Geber Motor Chopper Bober","Kompascom Reporter on Location","https://www.youtube.com/@kompascomreport","1.4K views","2 days ago","Verified"
"https://www.youtube.com/watch?v=cywJ0lNahSY&pp=ygUDaWtu","Momen Jokowi Motoran dengan Influencer di Jalan Tol IKN","Bisniscom","https://www.youtube.com/@BisnisTV","4.7K views","2 days ago","Verified"
"https://www.youtube.com/shorts/HeEp1qSVYgw","Presiden RI Joko Widodo Mengajak Sejumlah Selebritas Untuk Bermotor Di Tol (IKN)","Tribunnewsmaker Official","https://www.youtube.com/@tribunnewsmaker","13K views","2 days ago",""
"https://www.youtube.com/watch?v=JV-uXq7gAfU&pp=ygUDaWtu","Akses Jalan Sudah Terbangun, Minat Investasi Ke IKN Meningkat? -   [Selamat Pagi Indonesia]","METRO TV","https://www.youtube.com/@metrotvnews","5.8K views","2 days ago","Verified"
"https://www.youtube.com/shorts/lr1zjNv8bGU","Keliling IKN, Jokowi Geber Motor Chopper Bober","Kompas.com","https://www.youtube.com/@kompascom","46K views","2 days ago","Verified"
"https://www.youtube.com/shorts/s92zozWT29Y","amin rais langsung bungkam lihat ini#aminrais#IKN. #pembangunanIKN","raja koplak","https://www.youtube.com/@Koplak_berita","261 views","2 days ago",""
"https://www.youtube.com/watch?v=TYaOxR-Uj0Y&pp=ygUDaWtu","Keterangan Pers Presiden Jokowi Saat Ajak Media Tinjau Kawasan Istana, IKN, 29 Juli 2024","Sekretariat Presiden","https://www.youtube.com/@SekretariatPresiden","126K views","2 days ago","Verified"
"https://www.youtube.com/watch?v=t3VQML78gDs&pp=ygUDaWtu","NGABALIN BUKAN INTELEKTUAL !! SIASAT JOKOWI ANGKUT ARTIS KE IKN DIBELA DENGAN UCAPAN TAK NYAMBUNG..","Saeful Zaman","https://www.youtube.com/@SaefulZaman","22K views","Streamed 2 days ago","Verified"
"https://www.youtube.com/shorts/nYAxFqf-vZw","Ini Alasan Presiden Jokowi Pilih Naik Sepeda Motor Jajal Jalan Tol IKN #jokowi #jokowidodo","voidotid","https://www.youtube.com/@voidotid","980 views","2 days ago",""
"https://www.youtube.com/shorts/05KA2RWW5Ws","Atta dan Aurel Terkesan #beritaterkini #jokowi #ikn #attahalilintar #aurelhermansyah","ASC NEWS NETWORK","https://www.youtube.com/@ascnewsnetwork9175","1.9K views","2 days ago",""
"https://www.youtube.com/shorts/yBoI6_Ril8c","Jokowi ajak Artis Motoran di IKN @TribunnewsSurya #shorts #beritaterkini #jokowi #ikn","Toys and cars","https://www.youtube.com/@toysandcarsofficial","8.5K views","2 days ago",""
"https://www.youtube.com/watch?v=YyVd2BgvblM&pp=ygUDaWtu","Ajak Sejumlah Selebriti Tanah Air, Presiden Jokowi Mulai Berkantor di IKN","CNN Indonesia","https://www.youtube.com/@CNNindonesiaOfficial","29K views","2 days ago","Verified"
"https://www.youtube.com/watch?v=pSxFm3tH11M&pp=ygUDaWtu","Perdana, Presiden Berkantor Di IKN - [Selamat Pagi Indonesia]","METRO TV","https://www.youtube.com/@metrotvnews","104K views","2 days ago","Verified"
"https://www.youtube.com/watch?v=rBd6LxDe1TI&pp=ygUDaWtu","Kegiatan Presiden Jokowi Hari Ini di IKN | Kabar Pagi tvOne","tvOneNews","https://www.youtube.com/@tvOneNews","13K views","2 days ago",""
"https://www.youtube.com/watch?v=ocpGqKsN5eA&pp=ygUDaWtu","IKN Terkini! Suasana Istana Presiden di IKN Pada Malam Hari - [ Metro Pagi Primetime ]","METRO TV","https://www.youtube.com/@metrotvnews","30K views","2 days ago","Verified"
"https://www.youtube.com/watch?v=BaMELtKgE1c&pp=ygUDaWtu","Agenda Presiden Jokowi Hari Ini Perdana Ngantor di IKN Nusantara, Bakal Terima Sejumlah Tamu","Tribun Kaltim Official","https://www.youtube.com/@tribunkaltimofficial","31K views","2 days ago","Verified"
"https://www.youtube.com/shorts/-m5WyLHhKzc","Atta Salah Gandeng Pasangannya. #selebriti #ikn","CJW","https://www.youtube.com/@Papitian","13K views","2 days ago",""
"https://www.youtube.com/shorts/9BQ25-zRz9Q","MOMEN ATTA HALILINTAR SALAH GANDENG PASANGAN SAAT TIBA DI IKAN #shorts #ikn","ProMilenial","https://www.youtube.com/@promilenialentertainment","17K views","2 days ago",""
"https://www.youtube.com/shorts/mOvWYp6NbE0","Jokowi Nginap di IKN #jokowi #presidenjokowi #iknnusantara #ikn","Investigasi Indonesia","https://www.youtube.com/@investigasiindonesia","2.1K views","2 days ago",""
"https://www.youtube.com/shorts/iJjNR76BP9w","Penampakan IKN, Mewah!!! #ikn #jokowi #indonesia #shorts","PAK KOBOY","https://www.youtube.com/@pakkoboy","10K views","2 days ago",""
"https://www.youtube.com/watch?v=V49tFrGzI5Q&pp=ygUDaWtu","Presiden Jokowi Mulai Berkantor di IKN - LIP 29/07","Lintas iNews","https://www.youtube.com/@LintasiNews","27K views","2 days ago","Verified"
"https://www.youtube.com/watch?v=v5T1U879HG4&pp=ygUDaWtu","Ajak Raffi Ahmad Cs Naik Motor di IKN, Jokowi Resmikan Jembatan Pulau Balang - iNews Pagi 29/07","Official iNews","https://www.youtube.com/@OfficialiNews","1.3K views","2 days ago","Verified"
"https://www.youtube.com/watch?v=Znml2UjhQMI&pp=ygUDaWtu","Efek IKN Sampai ke Provinsi Seberang, Buka Jalur Laut Demi Kemajuan Bersama!","INFO PAGI","https://www.youtube.com/@info_pagi","14K views","2 days ago","Verified"
"https://www.youtube.com/watch?v=UKQeeRUtlgM&pp=ygUDaWtu","Perdana! Hari Pertama Ngantor di IKN, Presiden Jokowi Ngapain Aja? Yuk Intip Agendanya...","Kompas.com","https://www.youtube.com/@kompascom","52K views","2 days ago","Verified"
"https://www.youtube.com/shorts/d5hLVp0ZtlY","Naik Motor, Presiden Jokowi Ajak Influencer Tinjau Progres IKN","Tribun Banyumas","https://www.youtube.com/@tribunbanyumas","1K views","2 days ago",""
"https://www.youtube.com/shorts/05LvKaTJBy0","Gaya Kern Jokowi, Motoran Bareng artis, susuri Tol IKN","KevynLeyn_Art's","https://www.youtube.com/@KevynLeyn","27K views","2 days ago",""
"https://www.youtube.com/shorts/prwSrPrxFxk","Viral G Sih? kantor ikn telah selesai #jokowi #jokowidodo #garuda #pancasila #ytshorts","Viral G sih","https://www.youtube.com/@ViralGSih","10K views","2 days ago",""
"https://www.youtube.com/watch?v=zOxuGw2oqpA&pp=ygUDaWtu","Malamnya di IKN, Raffi GIGI Melongo, JOKOWI Jd Guide Jelasin Ke Para Artis dan Makan Malam di Hutan","berita surakarta","https://www.youtube.com/@beritasurakarta","535K views","2 days ago","Verified"
"https://www.youtube.com/shorts/mVqTgwtTJks","TOURING JOKOWI DI TOL IKN SAMBUT HARI KEMERDEKAAN #u19 #ikn #iknnusantara #agustusan #jokowi","Majid kgn K2","https://www.youtube.com/@Majidkgnk2","13K views","2 days ago",""
"https://www.youtube.com/shorts/yBoI6_Ril8c","Jokowi ajak Artis Motoran di IKN @TribunnewsSurya #shorts #beritaterkini #jokowi #ikn","Toys and cars","https://www.youtube.com/@toysandcarsofficial","8.5K views","2 days ago",""
"https://www.youtube.com/watch?v=YyVd2BgvblM&pp=ygUDaWtu","Ajak Sejumlah Selebriti Tanah Air, Presiden Jokowi Mulai Berkantor di IKN","CNN Indonesia","https://www.youtube.com/@CNNindonesiaOfficial","29K views","2 days ago","Verified"
"https://www.youtube.com/watch?v=pSxFm3tH11M&pp=ygUDaWtu","Perdana, Presiden Berkantor Di IKN - [Selamat Pagi Indonesia]","METRO TV","https://www.youtube.com/@metrotvnews","104K views","2 days ago","Verified"
"https://www.youtube.com/watch?v=rBd6LxDe1TI&pp=ygUDaWtu","Kegiatan Presiden Jokowi Hari Ini di IKN | Kabar Pagi tvOne","tvOneNews","https://www.youtube.com/@tvOneNews","13K views","2 days ago",""
"https://www.youtube.com/watch?v=ocpGqKsN5eA&pp=ygUDaWtu","IKN Terkini! Suasana Istana Presiden di IKN Pada Malam Hari - [ Metro Pagi Primetime ]","METRO TV","https://www.youtube.com/@metrotvnews","30K views","2 days ago","Verified"
"https://www.youtube.com/watch?v=BaMELtKgE1c&pp=ygUDaWtu","Agenda Presiden Jokowi Hari Ini Perdana Ngantor di IKN Nusantara, Bakal Terima Sejumlah Tamu","Tribun Kaltim Official","https://www.youtube.com/@tribunkaltimofficial","31K views","2 days ago","Verified"
"https://www.youtube.com/shorts/-m5WyLHhKzc","Atta Salah Gandeng Pasangannya. #selebriti #ikn","CJW","https://www.youtube.com/@Papitian","13K views","2 days ago",""
"https://www.youtube.com/shorts/9BQ25-zRz9Q","MOMEN ATTA HALILINTAR SALAH GANDENG PASANGAN SAAT TIBA DI IKAN #shorts #ikn","ProMilenial","https://www.youtube.com/@promilenialentertainment","17K views","2 days ago",""
"https://www.youtube.com/shorts/mOvWYp6NbE0","Jokowi Nginap di IKN #jokowi #presidenjokowi #iknnusantara #ikn","Investigasi Indonesia","https://www.youtube.com/@investigasiindonesia","2.1K views","2 days ago",""
"https://www.youtube.com/shorts/iJjNR76BP9w","Penampakan IKN, Mewah!!! #ikn #jokowi #indonesia #shorts","PAK KOBOY","https://www.youtube.com/@pakkoboy","10K views","2 days ago",""
"https://www.youtube.com/watch?v=V49tFrGzI5Q&pp=ygUDaWtu","Presiden Jokowi Mulai Berkantor di IKN - LIP 29/07","Lintas iNews","https://www.youtube.com/@LintasiNews","27K views","2 days ago","Verified"
"https://www.youtube.com/watch?v=v5T1U879HG4&pp=ygUDaWtu","Ajak Raffi Ahmad Cs Naik Motor di IKN, Jokowi Resmikan Jembatan Pulau Balang - iNews Pagi 29/07","Official iNews","https://www.youtube.com/@OfficialiNews","1.3K views","2 days ago","Verified"
"https://www.youtube.com/watch?v=Znml2UjhQMI&pp=ygUDaWtu","Efek IKN Sampai ke Provinsi Seberang, Buka Jalur Laut Demi Kemajuan Bersama!","INFO PAGI","https://www.youtube.com/@info_pagi","14K views","2 days ago","Verified"
"https://www.youtube.com/watch?v=UKQeeRUtlgM&pp=ygUDaWtu","Perdana! Hari Pertama Ngantor di IKN, Presiden Jokowi Ngapain Aja? Yuk Intip Agendanya...","Kompas.com","https://www.youtube.com/@kompascom","52K views","2 days ago","Verified"
"https://www.youtube.com/shorts/d5hLVp0ZtlY","Naik Motor, Presiden Jokowi Ajak Influencer Tinjau Progres IKN","Tribun Banyumas","https://www.youtube.com/@tribunbanyumas","1K views","2 days ago",""
"https://www.youtube.com/shorts/05LvKaTJBy0","Gaya Kern Jokowi, Motoran Bareng artis, susuri Tol IKN","KevynLeyn_Art's","https://www.youtube.com/@KevynLeyn","27K views","2 days ago",""
"https://www.youtube.com/shorts/prwSrPrxFxk","Viral G Sih? kantor ikn telah selesai #jokowi #jokowidodo #garuda #pancasila #ytshorts","Viral G sih","https://www.youtube.com/@ViralGSih","10K views","2 days ago",""
"https://www.youtube.com/watch?v=zOxuGw2oqpA&pp=ygUDaWtu","Malamnya di IKN, Raffi GIGI Melongo, JOKOWI Jd Guide Jelasin Ke Para Artis dan Makan Malam di Hutan","berita surakarta","https://www.youtube.com/@beritasurakarta","535K views","2 days ago","Verified"
"https://www.youtube.com/shorts/mVqTgwtTJks","TOURING JOKOWI DI TOL IKN SAMBUT HARI KEMERDEKAAN #u19 #ikn #iknnusantara #agustusan #jokowi","Majid kgn K2","https://www.youtube.com/@Majidkgnk2","13K views","2 days ago",""
"https://www.youtube.com/watch?v=nrcPwOojgQw&pp=ygUDaWtu","Kunjungi Kawasan Inti Pusat Pemerintahan, Presiden Jokowi Mulai Berkantor di IKN","KompasTV Pontianak","https://www.youtube.com/@KompasTVPontianak","26K views","2 days ago","Verified"
"https://www.youtube.com/shorts/utBOS01qi3g","Presiden Jokowi Resmikan Jambatan Pulau Balang Untuk Permudah Konektivitas Ke IKN ...!!! 🔥😎🔥😎🔥😎","Radhina Kahfi","https://www.youtube.com/@RadhinaKahfi","10K views","2 days ago",""
"https://www.youtube.com/shorts/zBe_qk9nFE0","TERKINI SUMBU KEBANGSAAN IKN || 29 JULI 2024","Elang Cahaya","https://www.youtube.com/@elangcahaya","3.9K views","2 days ago",""
"https://www.youtube.com/shorts/S8QYxhlumeE","Presiden Jokowi Ajak Artis hingga Seleb TikTok Menjajal Jalan Tol IKN","CoverBothSide Newsroom","https://www.youtube.com/@coverbothsidenewsroom","1.7K views","2 days ago",""
"https://www.youtube.com/shorts/Gmh5QFtCfrE","Hari Pertama Jokowi Ngantor di IKN","kumparan","https://www.youtube.com/@kumparan","2.5K views","2 days ago","Verified"
"https://www.youtube.com/shorts/hsbLHeMddKs","Jokowi Ajak Para artis muda kaya, Youtuber, Tiktoker, ke IKN‼️","KevynLeyn_Art's","https://www.youtube.com/@KevynLeyn","30K views","2 days ago",""
"https://www.youtube.com/shorts/kSE4li5W3wQ","Jokowi coba jalan tol bersama para artis #politik #jokowi #artist #ikn #tol #jalan #fyp","Politik_Negeri","https://www.youtube.com/@politik_Negeri","2.6K views","2 days ago",""
"https://www.youtube.com/watch?v=REBzdMf7hd0&pp=ygUDaWtu","Bagaimana Bisa Menandingi Indonesia? DPR Malaysia Peringatkan Warganya dg IKN Jelang Upacara 17 Agus","The Wanderer","https://www.youtube.com/@TheWandererDoc","206K views","2 days ago","Verified"
"https://www.youtube.com/watch?v=JY-SPMCaAkk&pp=ygUDaWtu","Berkantor di IKN 3 Hari, Begini Kesiapan Infrastruktur di IKN. Berapa Persen?","KompasTV Jember","https://www.youtube.com/@kompastvjember","12K views","2 days ago","Verified"
"https://www.youtube.com/watch?v=V9ya064b25Y&pp=ygUDaWtu","Presiden Jokowi Ajak Influencer Meninjau Progres IKN, 28 Juli 2024","Sekretariat Presiden","https://www.youtube.com/@SekretariatPresiden","274K views","2 days ago","Verified"
"https://www.youtube.com/shorts/fPy_Ys2c798","Penjelasan Jokowi Saat Proses Perjalanan Menuju IKN. #shorts #short #jokowi","KABAR NKRI","https://www.youtube.com/@KABAR_NKRI","11K views","2 days ago",""
"https://www.youtube.com/shorts/OFbXIUa5gws","ATTA DAN AUREL DIAJAK JOKOWI KE IKN","Tribun Manado Official","https://www.youtube.com/@TribunManadoOfficial","9.7K views","2 days ago",""
"https://www.youtube.com/watch?v=BDgoKA7AuR8&pp=ygUDaWtu","Soal Rencana Berkantor 3 Hari di IKN, Jokowi: Sudah Ada Tempat Tinggal, Bisa Tidur","KOMPASTV","https://www.youtube.com/@kompastv","19K views","2 days ago","Verified"
"https://www.youtube.com/watch?v=eTvVR3QCM3M&pp=ygUDaWtu","BMKG, PUPR, dan BNPB Kerja Sama Usahakan Modifikasi Cuaca di IKN untuk Dorong Percepatan Pembangunan","KOMPASTV","https://www.youtube.com/@kompastv","1.9K views","2 days ago","Verified"
"https://www.youtube.com/watch?v=eVK2iH05dFI&pp=ygUDaWtu","Berkantor di IKN 3 Hari, Begini Kesiapan Infrastruktur di IKN. Berapa Persen?","KOMPASTV","https://www.youtube.com/@kompastv","6.1K views","2 days ago","Verified"
"https://www.youtube.com/watch?v=ouSktRWfKo4&pp=ygUDaWtu","Mulai Menginap Malam Ini, Lalu Seperti Apa Persiapan Jokowi Berkantor Di IKN Besok  ?","KompasTV Makassar","https://www.youtube.com/@KompasTVMakassarChanneL23UHF","99K views","2 days ago","Verified"
"https://www.youtube.com/watch?v=eRboIcvdLDI&pp=ygUDaWtu","Debat Panas! Ngabalin VS Siti Zuhro, Soal Jokowi Kebut Pembangunan IKN?","Kompas TV Sukabumi","https://www.youtube.com/@KompasTVSukabumi","91K views","2 days ago","Verified"
"https://www.youtube.com/shorts/hJphAgn-LWY","Presiden Jokowi Meresmikan jembatan pulau balang #jembatanpulaubalang #ikn #iknupdate #short","Herman Saolabo","https://www.youtube.com/@Hermansaolabo","10K views","2 days ago",""
"https://www.youtube.com/watch?v=G5XLaKzGNsQ&pp=ygUDaWtu","Menginap di IKN Mulai Malam Ini, Presiden akan Berkantor di IKN Selama 3 Hari!","KOMPASTV","https://www.youtube.com/@kompastv","13K views","2 days ago","Verified"
"https://www.youtube.com/watch?v=iFPln8kkQkQ&pp=ygUDaWtu","Presiden Joko Widodo Besok Berkantor di IKN 3 Hari","Kompas TV Sukabumi","https://www.youtube.com/@KompasTVSukabumi","4.9K views","2 days ago","Verified"
"https://www.youtube.com/shorts/utBOS01qi3g","Presiden Jokowi Resmikan Jambatan Pulau Balang Untuk Permudah Konektivitas Ke IKN ...!!! 🔥😎🔥😎🔥😎","Radhina Kahfi","https://www.youtube.com/@RadhinaKahfi","10K views","2 days ago",""
"https://www.youtube.com/shorts/zBe_qk9nFE0","TERKINI SUMBU KEBANGSAAN IKN || 29 JULI 2024","Elang Cahaya","https://www.youtube.com/@elangcahaya","3.9K views","2 days ago",""
"https://www.youtube.com/shorts/S8QYxhlumeE","Presiden Jokowi Ajak Artis hingga Seleb TikTok Menjajal Jalan Tol IKN","CoverBothSide Newsroom","https://www.youtube.com/@coverbothsidenewsroom","1.7K views","2 days ago",""
"https://www.youtube.com/shorts/Gmh5QFtCfrE","Hari Pertama Jokowi Ngantor di IKN","kumparan","https://www.youtube.com/@kumparan","2.5K views","2 days ago","Verified"
"https://www.youtube.com/shorts/hsbLHeMddKs","Jokowi Ajak Para artis muda kaya, Youtuber, Tiktoker, ke IKN‼️","KevynLeyn_Art's","https://www.youtube.com/@KevynLeyn","30K views","2 days ago",""
"https://www.youtube.com/shorts/kSE4li5W3wQ","Jokowi coba jalan tol bersama para artis #politik #jokowi #artist #ikn #tol #jalan #fyp","Politik_Negeri","https://www.youtube.com/@politik_Negeri","2.6K views","2 days ago",""
"https://www.youtube.com/watch?v=REBzdMf7hd0&pp=ygUDaWtu","Bagaimana Bisa Menandingi Indonesia? DPR Malaysia Peringatkan Warganya dg IKN Jelang Upacara 17 Agus","The Wanderer","https://www.youtube.com/@TheWandererDoc","206K views","2 days ago","Verified"
"https://www.youtube.com/watch?v=JY-SPMCaAkk&pp=ygUDaWtu","Berkantor di IKN 3 Hari, Begini Kesiapan Infrastruktur di IKN. Berapa Persen?","KompasTV Jember","https://www.youtube.com/@kompastvjember","12K views","2 days ago","Verified"
"https://www.youtube.com/watch?v=V9ya064b25Y&pp=ygUDaWtu","Presiden Jokowi Ajak Influencer Meninjau Progres IKN, 28 Juli 2024","Sekretariat Presiden","https://www.youtube.com/@SekretariatPresiden","274K views","2 days ago","Verified"
"https://www.youtube.com/shorts/fPy_Ys2c798","Penjelasan Jokowi Saat Proses Perjalanan Menuju IKN. #shorts #short #jokowi","KABAR NKRI","https://www.youtube.com/@KABAR_NKRI","11K views","2 days ago",""
"https://www.youtube.com/shorts/OFbXIUa5gws","ATTA DAN AUREL DIAJAK JOKOWI KE IKN","Tribun Manado Official","https://www.youtube.com/@TribunManadoOfficial","9.7K views","2 days ago",""
"https://www.youtube.com/watch?v=BDgoKA7AuR8&pp=ygUDaWtu","Soal Rencana Berkantor 3 Hari di IKN, Jokowi: Sudah Ada Tempat Tinggal, Bisa Tidur","KOMPASTV","https://www.youtube.com/@kompastv","19K views","2 days ago","Verified"
"https://www.youtube.com/watch?v=eTvVR3QCM3M&pp=ygUDaWtu","BMKG, PUPR, dan BNPB Kerja Sama Usahakan Modifikasi Cuaca di IKN untuk Dorong Percepatan Pembangunan","KOMPASTV","https://www.youtube.com/@kompastv","1.9K views","2 days ago","Verified"
"https://www.youtube.com/watch?v=eVK2iH05dFI&pp=ygUDaWtu","Berkantor di IKN 3 Hari, Begini Kesiapan Infrastruktur di IKN. Berapa Persen?","KOMPASTV","https://www.youtube.com/@kompastv","6.1K views","2 days ago","Verified"
"https://www.youtube.com/watch?v=ouSktRWfKo4&pp=ygUDaWtu","Mulai Menginap Malam Ini, Lalu Seperti Apa Persiapan Jokowi Berkantor Di IKN Besok  ?","KompasTV Makassar","https://www.youtube.com/@KompasTVMakassarChanneL23UHF","99K views","2 days ago","Verified"
"https://www.youtube.com/watch?v=eRboIcvdLDI&pp=ygUDaWtu","Debat Panas! Ngabalin VS Siti Zuhro, Soal Jokowi Kebut Pembangunan IKN?","Kompas TV Sukabumi","https://www.youtube.com/@KompasTVSukabumi","91K views","2 days ago","Verified"
"https://www.youtube.com/shorts/hJphAgn-LWY","Presiden Jokowi Meresmikan jembatan pulau balang #jembatanpulaubalang #ikn #iknupdate #short","Herman Saolabo","https://www.youtube.com/@Hermansaolabo","10K views","2 days ago",""
"https://www.youtube.com/watch?v=G5XLaKzGNsQ&pp=ygUDaWtu","Menginap di IKN Mulai Malam Ini, Presiden akan Berkantor di IKN Selama 3 Hari!","KOMPASTV","https://www.youtube.com/@kompastv","13K views","2 days ago","Verified"
"https://www.youtube.com/watch?v=iFPln8kkQkQ&pp=ygUDaWtu","Presiden Joko Widodo Besok Berkantor di IKN 3 Hari","Kompas TV Sukabumi","https://www.youtube.com/@KompasTVSukabumi","4.9K views","2 days ago","Verified"
"https://www.youtube.com/watch?v=_PjrP2WcOKo&pp=ygUDaWtu","Mulai Bermalam, Lalu Apa Saja Agenda Presiden Jokowi Di IKN?","KompasTV Makassar","https://www.youtube.com/@KompasTVMakassarChanneL23UHF","10K views","3 days ago",""
"https://www.youtube.com/shorts/pYUJMZdhV7E","Para selebritis tanah air bekunjung ke ikn #ibukotanegaranusantara","Masge015","https://www.youtube.com/@masge015","10K views","3 days ago",""
"https://www.youtube.com/shorts/gxxj6AYmiGA","Gaya Jokowi Berjaket Nusantara Motoran Bareng Artis di IKN #shorts","Sinau Saham","https://www.youtube.com/@Rindank77","11K views","3 days ago",""
"https://www.youtube.com/watch?v=f2QxJZlZkKU&pp=ygUDaWtu","Wujud Jalan Sumbu Kebangsaan IKN, Progres Sudah 85 Persen!","Kompas.com","https://www.youtube.com/@kompascom","15K views","3 days ago",""
"https://www.youtube.com/watch?v=cU4SJKi4m0A&pp=ygUDaWtu","SEJARAH BARU !! IKN TERKINI !! PRESIDEN JOKOWI NGANTOR PERDANA DI IKN 29 JULI 2024","Patroli Keliling","https://www.youtube.com/@patrolikeliling","48K views","3 days ago",""
"https://www.youtube.com/shorts/CmJwDHqVMNU","Masyaallah Raffi Ahmad dan Nagita Slavina bersama Presiden Jokowi di IKN.#raffiahmad #jokowidodo","juwati leehun","https://www.youtube.com/@juwatileehun4315","12K views","3 days ago",""
"https://www.youtube.com/watch?v=MdOlM7FP6RQ&pp=ygUDaWtu","Pembangunan IKN Terus Dikebut Jelang Upacara HUT RI ke-79 | Kabar Hari Ini tvOne","tvOneNews","https://www.youtube.com/@tvOneNews","20K views","3 days ago",""
"https://www.youtube.com/shorts/pROCe7zFZVQ","IKN udah sekeren ini #ikn #iknnusantara #beritaviral","WAHYU WINARDI","https://www.youtube.com/@Wahyuwinardii","4K views","3 days ago",""
"https://www.youtube.com/watch?v=Qeq4UVQzfYQ&pp=ygUDaWtu","Presiden Jokowi Jajal Tol IKN Bareng Influencer [Top News]","METRO TV","https://www.youtube.com/@metrotvnews","9K views","3 days ago",""
"https://www.youtube.com/watch?v=f7NfwmOBZFI&pp=ygUDaWtu","Sampai IKN Raffi & Gading Dipameri Pak JOKOWI ISTANA Garuda ! Nyore Bareng Para Artis Lihat Sunset","berita surakarta","https://www.youtube.com/@beritasurakarta","391K views","3 days ago",""
"https://www.youtube.com/shorts/ZVeA2W_CiBc","Aksi Jokowi Motoran Bareng Raffi-Gading Dkk di IKN","Kompas.com","https://www.youtube.com/@kompascom","71K views","3 days ago",""
"https://www.youtube.com/shorts/F_2pTJ9gRw8","Ponsel Pinjaman Mengantar Dani Jadi Pengibar Bendera di IKN. #shorts #feedahorts #fakta","Fakta Random","https://www.youtube.com/@Faktarandom332","2.5K views","3 days ago",""
"https://www.youtube.com/shorts/r0e0Y5Be1JQ","Dimulai Hari Senin #ikn #jokowi #beritaterkini #metrotv","ASC NEWS NETWORK","https://www.youtube.com/@ascnewsnetwork9175","2.6K views","3 days ago",""
"https://www.youtube.com/shorts/6ZQ0Frohfn4","#presidenjokowi #ikn #beritaterkini  listrik dan air sudah masuk di IKN","Stelo","https://www.youtube.com/@Stelo-im9jv","2.5K views","3 days ago",""
"https://www.youtube.com/watch?v=L-Jw2Vo_gW8&t=17s&pp=ygUDaWtu","Jokowi ajak Nagita Slavina Hingga Atta Halilintar ke IKN","Warta Kota Production","https://www.youtube.com/@WARTAKOTAPRODUCTION","3.1K views","3 days ago",""
"https://www.youtube.com/shorts/f_XumBZcR_Q","Detik-detik Pesawat Kepresidenan Gagal Lending #beritaviral #beritaterkini #ikn","Kabar Berita","https://www.youtube.com/@kabarberita7","7.4K views","3 days ago",""
"https://www.youtube.com/watch?v=cMog71ZBWcg&pp=ygUDaWtu","JAJAL Jalan Tol IKN, Presiden Jokowi Ajak Para Influencers Motoran","Tribun MedanTV","https://www.youtube.com/@TribunMedanTV","17K views","3 days ago",""
"https://www.youtube.com/watch?v=Aimw5GS0J0g&pp=ygUDaWtu","Presiden Jokowi Bermalam Di Istana Negara IKN [Headline News]","METRO TV","https://www.youtube.com/@metrotvnews","76K views","3 days ago",""
"https://www.youtube.com/shorts/cUTQY5nmalc","Presiden Jokowi Ajak Para Artis ke IKN, Ternyata Ini Tujuannya","Tribun Solo Official","https://www.youtube.com/@tribunsolo","3.3K views","3 days ago",""
"https://www.youtube.com/watch?v=90sKFAd0H7Q&pp=ygUDaWtu","Presiden Jokowi Pastikan akan Berkantor di IKN: Saya Bermalam di Istana","KOMPASTV","https://www.youtube.com/@kompastv","7.7K views","3 days ago",""
"https://www.youtube.com/watch?v=_PjrP2WcOKo&pp=ygUDaWtu","Mulai Bermalam, Lalu Apa Saja Agenda Presiden Jokowi Di IKN?","KompasTV Makassar","https://www.youtube.com/@KompasTVMakassarChanneL23UHF","10K views","3 days ago","Verified"
"https://www.youtube.com/shorts/pYUJMZdhV7E","Para selebritis tanah air bekunjung ke ikn #ibukotanegaranusantara","Masge015","https://www.youtube.com/@masge015","10K views","3 days ago",""
"https://www.youtube.com/shorts/gxxj6AYmiGA","Gaya Jokowi Berjaket Nusantara Motoran Bareng Artis di IKN #shorts","Sinau Saham","https://www.youtube.com/@Rindank77","11K views","3 days ago",""
"https://www.youtube.com/watch?v=f2QxJZlZkKU&pp=ygUDaWtu","Wujud Jalan Sumbu Kebangsaan IKN, Progres Sudah 85 Persen!","Kompas.com","https://www.youtube.com/@kompascom","15K views","3 days ago","Verified"
"https://www.youtube.com/watch?v=cU4SJKi4m0A&pp=ygUDaWtu","SEJARAH BARU !! IKN TERKINI !! PRESIDEN JOKOWI NGANTOR PERDANA DI IKN 29 JULI 2024","Patroli Keliling","https://www.youtube.com/@patrolikeliling","48K views","3 days ago",""
"https://www.youtube.com/shorts/CmJwDHqVMNU","Masyaallah Raffi Ahmad dan Nagita Slavina bersama Presiden Jokowi di IKN.#raffiahmad #jokowidodo","juwati leehun","https://www.youtube.com/@juwatileehun4315","12K views","3 days ago",""
"https://www.youtube.com/watch?v=MdOlM7FP6RQ&pp=ygUDaWtu","Pembangunan IKN Terus Dikebut Jelang Upacara HUT RI ke-79 | Kabar Hari Ini tvOne","tvOneNews","https://www.youtube.com/@tvOneNews","20K views","3 days ago",""
"https://www.youtube.com/shorts/pROCe7zFZVQ","IKN udah sekeren ini #ikn #iknnusantara #beritaviral","WAHYU WINARDI","https://www.youtube.com/@Wahyuwinardii","4K views","3 days ago",""
"https://www.youtube.com/watch?v=Qeq4UVQzfYQ&pp=ygUDaWtu","Presiden Jokowi Jajal Tol IKN Bareng Influencer [Top News]","METRO TV","https://www.youtube.com/@metrotvnews","9K views","3 days ago","Verified"
"https://www.youtube.com/watch?v=f7NfwmOBZFI&pp=ygUDaWtu","Sampai IKN Raffi & Gading Dipameri Pak JOKOWI ISTANA Garuda ! Nyore Bareng Para Artis Lihat Sunset","berita surakarta","https://www.youtube.com/@beritasurakarta","391K views","3 days ago","Verified"
"https://www.youtube.com/shorts/ZVeA2W_CiBc","Aksi Jokowi Motoran Bareng Raffi-Gading Dkk di IKN","Kompas.com","https://www.youtube.com/@kompascom","71K views","3 days ago","Verified"
"https://www.youtube.com/shorts/F_2pTJ9gRw8","Ponsel Pinjaman Mengantar Dani Jadi Pengibar Bendera di IKN. #shorts #feedahorts #fakta","Fakta Random","https://www.youtube.com/@Faktarandom332","2.5K views","3 days ago",""
"https://www.youtube.com/shorts/r0e0Y5Be1JQ","Dimulai Hari Senin #ikn #jokowi #beritaterkini #metrotv","ASC NEWS NETWORK","https://www.youtube.com/@ascnewsnetwork9175","2.6K views","3 days ago",""
"https://www.youtube.com/shorts/6ZQ0Frohfn4","#presidenjokowi #ikn #beritaterkini  listrik dan air sudah masuk di IKN","Stelo","https://www.youtube.com/@Stelo-im9jv","2.5K views","3 days ago",""
"https://www.youtube.com/watch?v=L-Jw2Vo_gW8&t=17s&pp=ygUDaWtu","Jokowi ajak Nagita Slavina Hingga Atta Halilintar ke IKN","Warta Kota Production","https://www.youtube.com/@WARTAKOTAPRODUCTION","3.1K views","3 days ago","Verified"
"https://www.youtube.com/shorts/f_XumBZcR_Q","Detik-detik Pesawat Kepresidenan Gagal Lending #beritaviral #beritaterkini #ikn","Kabar Berita","https://www.youtube.com/@kabarberita7","7.4K views","3 days ago",""
"https://www.youtube.com/watch?v=cMog71ZBWcg&pp=ygUDaWtu","JAJAL Jalan Tol IKN, Presiden Jokowi Ajak Para Influencers Motoran","Tribun MedanTV","https://www.youtube.com/@TribunMedanTV","17K views","3 days ago","Verified"
"https://www.youtube.com/watch?v=Aimw5GS0J0g&pp=ygUDaWtu","Presiden Jokowi Bermalam Di Istana Negara IKN [Headline News]","METRO TV","https://www.youtube.com/@metrotvnews","76K views","3 days ago","Verified"
"https://www.youtube.com/shorts/cUTQY5nmalc","Presiden Jokowi Ajak Para Artis ke IKN, Ternyata Ini Tujuannya","Tribun Solo Official","https://www.youtube.com/@tribunsolo","3.3K views","3 days ago",""
"https://www.youtube.com/watch?v=90sKFAd0H7Q&pp=ygUDaWtu","Presiden Jokowi Pastikan akan Berkantor di IKN: Saya Bermalam di Istana","KOMPASTV","https://www.youtube.com/@kompastv","7.7K views","3 days ago","Verified"
"https://www.youtube.com/watch?v=X4f_ZC2jfEM&pp=ygUDaWtu","[FULL] Alasan Jokowi Motoran Jajal Tol dan Kesiapannya Berkantor di IKN","Kompas.com","https://www.youtube.com/@kompascom","4.7K views","3 days ago","Verified"
"https://www.youtube.com/shorts/E3hzoM7k2B8","Resmi, Jokowi Ngantor di IKN Mulai Besok !","ROOMINESIA","https://www.youtube.com/@Korban-Ghosting","3.5K views","3 days ago",""
"https://www.youtube.com/shorts/OWHg6CHtYj4","SETELAH DI PERIKSA ISTANA DI IKN, BAPAK JOKOWI NANTI AKAN MENGINAP DI ISTANA","ACOB6","https://www.youtube.com/@ACOB6","1.8K views","3 days ago",""
"https://www.youtube.com/watch?v=ASaSYhxZdFM&pp=ygUDaWtu","Gaya Jokowi Motoran Bareng Raffi-Gading di IKN, Resmikan Jembatan Pulau Balang","Kompas.com","https://www.youtube.com/@kompascom","83K views","3 days ago","Verified"
"https://www.youtube.com/shorts/v9w_cRVKQKY","JELAJAHI JALAN MENUJU IKN BAPAK PRESIDEN JOKOWI DAN PARA ARTIS NAIK MOTOR","ACOB6","https://www.youtube.com/@ACOB6","1.8K views","3 days ago",""
"https://www.youtube.com/watch?v=0hGOS9-2nOA&pp=ygUDaWtu","Perabot Istana Datang, Jokowi Siap Kerja di IKN Selama 3 Hari, Menginap Malam Ini","Kompascom Reporter on Location","https://www.youtube.com/@kompascomreport","9.1K views","3 days ago","Verified"
"https://www.youtube.com/shorts/_unNPcSRh7M","IKN HARI INI‼️SEMAKIN MEMUKAU!!BUKIT BENDERA MEMORIAL PARK IBU KOTA NUSANTARA","Travelling ikn","https://www.youtube.com/@Febri839","15K views","3 days ago",""
"https://www.youtube.com/watch?v=Nn9CON9KdIo&pp=ygUDaWtu","Jokowi Mulai Berkantor di IKN Besok","SINDOnews","https://www.youtube.com/@OfficialSINDOnews","38K views","3 days ago",""
"https://www.youtube.com/shorts/x97ggGwSMmo","Jokowi Boyong Nagita Slavina Hingga Atta Halilintar ke IKN","Tribun Tangerang","https://www.youtube.com/@tribuntangerang","4.1K views","3 days ago",""
"https://www.youtube.com/watch?v=PNrCF95jaBk&pp=ygUDaWtu","IKN TERKINI!🔥PRESIDEN JOKOWI TINJAU TOL IBU KOTA NUSANTARA JELANG UPACARA HUT RI KE 79 28 Juli 2024","Mbah Min Bpn 🇮🇩","https://www.youtube.com/@iknkaltim","66K views","3 days ago",""
"https://www.youtube.com/watch?v=gsDstamUG3Y&pp=ygUDaWtu","Jokowi Tinjau Fasilitas Umum IKN - iNews Sore 28/07","Official iNews","https://www.youtube.com/@OfficialiNews","20K views","3 days ago","Verified"
"https://www.youtube.com/watch?v=yDgWII608YE&pp=ygUDaWtu","Keterangan Pers Presiden Jokowi, Kawasan IKN, 28 Juli 2024","Sekretariat Presiden","https://www.youtube.com/@SekretariatPresiden","139K views","3 days ago","Verified"
"https://www.youtube.com/watch?v=2sAgBpzc1S0&pp=ygUDaWtu","MOMEN PRESIDEN JOKOWI KONVOI BARENG THE DUDAS-1 &PREDIKSI DI IKN! RAFFI NAGITA NIKMATI SUNSET DI IKN","Raffi Ahmad Nagita Slavina Lovers","https://www.youtube.com/@raffiahmadnagitaslavinalov204","21K views","3 days ago",""
"https://www.youtube.com/shorts/UB5_Q5jh1cQ","𝐏𝐫𝐞𝐬𝐢𝐝𝐞𝐧 𝐉𝐨𝐤𝐨𝐰𝐢 𝐌𝐮𝐥𝐚𝐢 𝐁𝐞𝐫𝐤𝐚𝐧𝐭𝐨𝐫 𝐃𝐢 𝐈𝐊𝐍 𝐏𝐚𝐝𝐚 𝐒𝐞𝐧𝐢𝐧 𝟐𝟗 𝐉𝐮𝐥𝐢 𝟐𝟎𝟐𝟒.","Berita Teraktual Masa Kini","https://www.youtube.com/@beritateraktualmasakini","1.4K views","3 days ago",""
"https://www.youtube.com/shorts/GEvJFDkOmXA","ENAK BANGET JADI ARTIS!! Presiden Joko widodo Ajak Artis Ke  IKN. Ngapain ? #williesalim #ikn #fyp","Jiwa Jurnalisme","https://www.youtube.com/@JiwaJurnalisme","88K views","3 days ago",""
"https://www.youtube.com/shorts/nrRZwL6Aq_I","Presiden Berkantor Di IKN","BRIGHT WORLD","https://www.youtube.com/@BrightWorld9386","4.1K views","3 days ago",""
"https://www.youtube.com/shorts/3Kc9OeBp0k8","#presidenjokowi ke #ikn dengan #raffiahmad #raffinagita #attahalilintar #williesalim  #irwansyah dll","sekate new","https://www.youtube.com/@sekatenew","13K views","3 days ago",""
"https://www.youtube.com/watch?v=Op1mjVFIUMY&pp=ygUDaWtu","Besok, Presiden Jokowi Mulai Berkantor di IKN [Primetime News]","METRO TV","https://www.youtube.com/@metrotvnews","108K views","3 days ago","Verified"
"https://www.youtube.com/shorts/E3hzoM7k2B8","Resmi, Jokowi Ngantor di IKN Mulai Besok !","ROOMINESIA","https://www.youtube.com/@Korban-Ghosting","3.5K views","3 days ago",""
"https://www.youtube.com/shorts/OWHg6CHtYj4","SETELAH DI PERIKSA ISTANA DI IKN, BAPAK JOKOWI NANTI AKAN MENGINAP DI ISTANA","ACOB6","https://www.youtube.com/@ACOB6","1.8K views","3 days ago",""
"https://www.youtube.com/watch?v=ASaSYhxZdFM&pp=ygUDaWtu","Gaya Jokowi Motoran Bareng Raffi-Gading di IKN, Resmikan Jembatan Pulau Balang","Kompas.com","https://www.youtube.com/@kompascom","83K views","3 days ago","Verified"
"https://www.youtube.com/shorts/v9w_cRVKQKY","JELAJAHI JALAN MENUJU IKN BAPAK PRESIDEN JOKOWI DAN PARA ARTIS NAIK MOTOR","ACOB6","https://www.youtube.com/@ACOB6","1.8K views","3 days ago",""
"https://www.youtube.com/watch?v=0hGOS9-2nOA&pp=ygUDaWtu","Perabot Istana Datang, Jokowi Siap Kerja di IKN Selama 3 Hari, Menginap Malam Ini","Kompascom Reporter on Location","https://www.youtube.com/@kompascomreport","9.1K views","3 days ago","Verified"
"https://www.youtube.com/shorts/_unNPcSRh7M","IKN HARI INI‼️SEMAKIN MEMUKAU!!BUKIT BENDERA MEMORIAL PARK IBU KOTA NUSANTARA","Travelling ikn","https://www.youtube.com/@Febri839","15K views","3 days ago",""
"https://www.youtube.com/watch?v=Nn9CON9KdIo&pp=ygUDaWtu","Jokowi Mulai Berkantor di IKN Besok","SINDOnews","https://www.youtube.com/@OfficialSINDOnews","38K views","3 days ago",""
"https://www.youtube.com/shorts/x97ggGwSMmo","Jokowi Boyong Nagita Slavina Hingga Atta Halilintar ke IKN","Tribun Tangerang","https://www.youtube.com/@tribuntangerang","4.1K views","3 days ago",""
"https://www.youtube.com/watch?v=PNrCF95jaBk&pp=ygUDaWtu","IKN TERKINI!🔥PRESIDEN JOKOWI TINJAU TOL IBU KOTA NUSANTARA JELANG UPACARA HUT RI KE 79 28 Juli 2024","Mbah Min Bpn 🇮🇩","https://www.youtube.com/@iknkaltim","66K views","3 days ago",""
"https://www.youtube.com/watch?v=gsDstamUG3Y&pp=ygUDaWtu","Jokowi Tinjau Fasilitas Umum IKN - iNews Sore 28/07","Official iNews","https://www.youtube.com/@OfficialiNews","20K views","3 days ago","Verified"
"https://www.youtube.com/watch?v=yDgWII608YE&pp=ygUDaWtu","Keterangan Pers Presiden Jokowi, Kawasan IKN, 28 Juli 2024","Sekretariat Presiden","https://www.youtube.com/@SekretariatPresiden","139K views","3 days ago","Verified"
"https://www.youtube.com/watch?v=2sAgBpzc1S0&pp=ygUDaWtu","MOMEN PRESIDEN JOKOWI KONVOI BARENG THE DUDAS-1 &PREDIKSI DI IKN! RAFFI NAGITA NIKMATI SUNSET DI IKN","Raffi Ahmad Nagita Slavina Lovers","https://www.youtube.com/@raffiahmadnagitaslavinalov204","21K views","3 days ago",""
"https://www.youtube.com/shorts/UB5_Q5jh1cQ","𝐏𝐫𝐞𝐬𝐢𝐝𝐞𝐧 𝐉𝐨𝐤𝐨𝐰𝐢 𝐌𝐮𝐥𝐚𝐢 𝐁𝐞𝐫𝐤𝐚𝐧𝐭𝐨𝐫 𝐃𝐢 𝐈𝐊𝐍 𝐏𝐚𝐝𝐚 𝐒𝐞𝐧𝐢𝐧 𝟐𝟗 𝐉𝐮𝐥𝐢 𝟐𝟎𝟐𝟒.","Berita Teraktual Masa Kini","https://www.youtube.com/@beritateraktualmasakini","1.4K views","3 days ago",""
"https://www.youtube.com/shorts/GEvJFDkOmXA","ENAK BANGET JADI ARTIS!! Presiden Joko widodo Ajak Artis Ke  IKN. Ngapain ? #williesalim #ikn #fyp","Jiwa Jurnalisme","https://www.youtube.com/@JiwaJurnalisme","88K views","3 days ago",""
"https://www.youtube.com/shorts/nrRZwL6Aq_I","Presiden Berkantor Di IKN","BRIGHT WORLD","https://www.youtube.com/@BrightWorld9386","4.1K views","3 days ago",""
"https://www.youtube.com/shorts/3Kc9OeBp0k8","#presidenjokowi ke #ikn dengan #raffiahmad #raffinagita #attahalilintar #williesalim  #irwansyah dll","sekate new","https://www.youtube.com/@sekatenew","13K views","3 days ago",""
"https://www.youtube.com/watch?v=Op1mjVFIUMY&pp=ygUDaWtu","Besok, Presiden Jokowi Mulai Berkantor di IKN [Primetime News]","METRO TV","https://www.youtube.com/@metrotvnews","108K views","3 days ago","Verified"
"https://www.youtube.com/shorts/3zvAAveJr_k","Moge Jokowi di IKN. #2024 #jokowi #ikn #nusantara #shortsfeed #shorts #fyp #feed #video #trending","D'ngaso Project","https://www.youtube.com/@DngasoProject","1.9K views","3 days ago",""
"https://www.youtube.com/watch?v=NStRkiCXmtU&pp=ygUDaWtu","Presiden Jokowi Jajal Jalan Tol di IKN | Kabar Petang tvOne","tvOneNews","https://www.youtube.com/@tvOneNews","53K views","3 days ago",""
"https://www.youtube.com/shorts/rvvM8QDwhAI","Presideen Jokowi Dijadwalkan Berkantor di IKN Senin Besok, Dikabarkan Kerja di IKN Selama 3 Hari","Tribun Banten","https://www.youtube.com/@tribunbanten","5.5K views","3 days ago",""
"https://www.youtube.com/watch?v=MoFnsiIHs1c&pp=ygUDaWtu","Kunjungi IKN, Jokowi Ajak Influencer Resmikan Jembatan Pulau Balang","Harian Kompas","https://www.youtube.com/@HarianKompasCetak","18K views","3 days ago","Verified"
"https://www.youtube.com/watch?v=Fg6SHLAVJmc&pp=ygUDaWtu","Apakah Presiden Jokowi Berkantor di IKN Guna Target Pembangunan Dikebut?","KompasTV Makassar","https://www.youtube.com/@KompasTVMakassarChanneL23UHF","43K views","3 days ago","Verified"
"https://www.youtube.com/watch?v=bW4WUm52sbI&pp=ygUDaWtu","🔴 Jokowi Mulai Berkantor di IKN Senin 29 Juli 2024, Istana Pasok Kebutuhan & Furniture","Tribun Jateng","https://www.youtube.com/@TribunJatengOfficial","55K views","Streamed 3 days ago",""
"https://www.youtube.com/shorts/18gzlMFldWM","Momen Raffi Ahmad dan Nagita Tiba Di IKN Bertemu Bapak Jokowi dan Ibu Iriana","HI ID","https://www.youtube.com/@_HIID","9K views","3 days ago",""
"https://www.youtube.com/shorts/H-usw6S1xdM","merdeka tapi sengsara #demomahasiswa #merdeka #ikn #shorts","RyanE.Y.family","https://www.youtube.com/@ianeka287","1.4K views","3 days ago",""
"https://www.youtube.com/watch?v=DJmx9ZlMKUM&pp=ygUDaWtu","Detik Detik Rombongan BPK Jokowi tiba di IKN 28-7-2024","Jotes Channel KALTIM","https://www.youtube.com/@Jotes-channel","45K views","3 days ago",""
"https://www.youtube.com/watch?v=TsTi-QHq6xo&pp=ygUDaWtu","Hari Ini Bertolak Ke IKN, Rencananya Jokowi Akan Berkantor 3 Hari","KompasTV Makassar","https://www.youtube.com/@KompasTVMakassarChanneL23UHF","121K views","3 days ago","Verified"
"https://www.youtube.com/shorts/nPUVBpRC9Vs","Jokowi Berkantor di IKN selama 3 Hari","Serambinews","https://www.youtube.com/@Serambinewsdotcom","9.7K views","3 days ago","Verified"
"https://www.youtube.com/watch?v=oL9cugDXpFw&pp=ygUDaWtu","Jokowi Ngantor di IKN Besok, Sudah Menginap Mulai Malam Ini","kumparan","https://www.youtube.com/@kumparan","37K views","3 days ago","Verified"
"https://www.youtube.com/shorts/fitnm_PnzKE","Raffi Ahmad Dan Artis Lainnya Dampingi Presiden Jokowi Naik Motor Di IKN #raffinagita #shorts","Leb Seleb Mulyo","https://www.youtube.com/@lebselebmulyo","18K views","3 days ago",""
"https://www.youtube.com/shorts/ntuRYAFf7KQ","Presiden Joko Widodo meresmikan Jembatan Pulau Balang, yang menghubungkan Balikpapan dengan IKN.","Garfacali","https://www.youtube.com/@garfacali","2.3K views","3 days ago",""
"https://www.youtube.com/watch?v=gY3WL40H95M&pp=ygUDaWtu","Presiden Bertolak ke IKN dengan Sejumlah Influencer","METRO TV","https://www.youtube.com/@metrotvnews","20K views","3 days ago","Verified"
"https://www.youtube.com/watch?v=hsnt-fPjR-s&pp=ygUDaWtu","Perabot Istana Datang, Jokowi Siap Kerja di IKN Selama 3 Hari, Menginap Malam Ini","Kompas.com","https://www.youtube.com/@kompascom","57K views","3 days ago","Verified"
"https://www.youtube.com/watch?v=Df8-ImfD6pU&pp=ygUDaWtu","SEMAKIN MENDUNIA‼️TENDA UPACARA TERPASANG,PAK JOKOWI TINJAU IKN JELANG UPACARA,UPDATE IKN TERBARU","Mata PROYEK","https://www.youtube.com/@mataPROYEK","81K views","3 days ago",""
"https://www.youtube.com/watch?v=QnR4MHvuwQM&pp=ygUDaWtu","Persiapan HUT Ke-79 RI di IKN, Petugas Upacara dan Tamu Diinapkan di 2 Tempat","Kompascom Reporter on Location","https://www.youtube.com/@kompascomreport","13K views","3 days ago","Verified"
"https://www.youtube.com/shorts/dEMD5asWjkM","Jokowi Tunjukkan Komitmen di IKN! #jokowi #ikn #nusantara #viralshorts #garuda #modern #ibukota","Jendela Berita YT","https://www.youtube.com/@JendelaBerita16","3.3K views","3 days ago",""
"https://www.youtube.com/watch?v=NStRkiCXmtU&pp=ygUDaWtu","Presiden Jokowi Jajal Jalan Tol di IKN | Kabar Petang tvOne","tvOneNews","https://www.youtube.com/@tvOneNews","53K views","3 days ago",""
"https://www.youtube.com/shorts/rvvM8QDwhAI","Presideen Jokowi Dijadwalkan Berkantor di IKN Senin Besok, Dikabarkan Kerja di IKN Selama 3 Hari","Tribun Banten","https://www.youtube.com/@tribunbanten","5.5K views","3 days ago",""
"https://www.youtube.com/watch?v=MoFnsiIHs1c&pp=ygUDaWtu","Kunjungi IKN, Jokowi Ajak Influencer Resmikan Jembatan Pulau Balang","Harian Kompas","https://www.youtube.com/@HarianKompasCetak","18K views","3 days ago","Verified"
"https://www.youtube.com/watch?v=Fg6SHLAVJmc&pp=ygUDaWtu","Apakah Presiden Jokowi Berkantor di IKN Guna Target Pembangunan Dikebut?","KompasTV Makassar","https://www.youtube.com/@KompasTVMakassarChanneL23UHF","43K views","3 days ago","Verified"
"https://www.youtube.com/watch?v=bW4WUm52sbI&pp=ygUDaWtu","🔴 Jokowi Mulai Berkantor di IKN Senin 29 Juli 2024, Istana Pasok Kebutuhan & Furniture","Tribun Jateng","https://www.youtube.com/@TribunJatengOfficial","55K views","Streamed 3 days ago",""
"https://www.youtube.com/shorts/18gzlMFldWM","Momen Raffi Ahmad dan Nagita Tiba Di IKN Bertemu Bapak Jokowi dan Ibu Iriana","HI ID","https://www.youtube.com/@_HIID","9K views","3 days ago",""
"https://www.youtube.com/shorts/H-usw6S1xdM","merdeka tapi sengsara #demomahasiswa #merdeka #ikn #shorts","RyanE.Y.family","https://www.youtube.com/@ianeka287","1.4K views","3 days ago",""
"https://www.youtube.com/watch?v=DJmx9ZlMKUM&pp=ygUDaWtu","Detik Detik Rombongan BPK Jokowi tiba di IKN 28-7-2024","Jotes Channel KALTIM","https://www.youtube.com/@Jotes-channel","45K views","3 days ago",""
"https://www.youtube.com/watch?v=TsTi-QHq6xo&pp=ygUDaWtu","Hari Ini Bertolak Ke IKN, Rencananya Jokowi Akan Berkantor 3 Hari","KompasTV Makassar","https://www.youtube.com/@KompasTVMakassarChanneL23UHF","121K views","3 days ago","Verified"
"https://www.youtube.com/shorts/nPUVBpRC9Vs","Jokowi Berkantor di IKN selama 3 Hari","Serambinews","https://www.youtube.com/@Serambinewsdotcom","9.7K views","3 days ago","Verified"
"https://www.youtube.com/watch?v=oL9cugDXpFw&pp=ygUDaWtu","Jokowi Ngantor di IKN Besok, Sudah Menginap Mulai Malam Ini","kumparan","https://www.youtube.com/@kumparan","37K views","3 days ago","Verified"
"https://www.youtube.com/shorts/fitnm_PnzKE","Raffi Ahmad Dan Artis Lainnya Dampingi Presiden Jokowi Naik Motor Di IKN #raffinagita #shorts","Leb Seleb Mulyo","https://www.youtube.com/@lebselebmulyo","18K views","3 days ago",""
"https://www.youtube.com/shorts/ntuRYAFf7KQ","Presiden Joko Widodo meresmikan Jembatan Pulau Balang, yang menghubungkan Balikpapan dengan IKN.","Garfacali","https://www.youtube.com/@garfacali","2.3K views","3 days ago",""
"https://www.youtube.com/watch?v=gY3WL40H95M&pp=ygUDaWtu","Presiden Bertolak ke IKN dengan Sejumlah Influencer","METRO TV","https://www.youtube.com/@metrotvnews","20K views","3 days ago","Verified"
"https://www.youtube.com/watch?v=hsnt-fPjR-s&pp=ygUDaWtu","Perabot Istana Datang, Jokowi Siap Kerja di IKN Selama 3 Hari, Menginap Malam Ini","Kompas.com","https://www.youtube.com/@kompascom","57K views","3 days ago","Verified"
"https://www.youtube.com/watch?v=Df8-ImfD6pU&pp=ygUDaWtu","SEMAKIN MENDUNIA‼️TENDA UPACARA TERPASANG,PAK JOKOWI TINJAU IKN JELANG UPACARA,UPDATE IKN TERBARU","Mata PROYEK","https://www.youtube.com/@mataPROYEK","81K views","3 days ago",""
"https://www.youtube.com/watch?v=QnR4MHvuwQM&pp=ygUDaWtu","Persiapan HUT Ke-79 RI di IKN, Petugas Upacara dan Tamu Diinapkan di 2 Tempat","Kompascom Reporter on Location","https://www.youtube.com/@kompascomreport","13K views","3 days ago","Verified"
"https://www.youtube.com/shorts/dEMD5asWjkM","Jokowi Tunjukkan Komitmen di IKN! #jokowi #ikn #nusantara #viralshorts #garuda #modern #ibukota","Jendela Berita YT","https://www.youtube.com/@JendelaBerita16","3.3K views","3 days ago",""
"https://www.youtube.com/watch?v=5HvFhHSfJWc&pp=ygUDaWtu","Bilah Terakhir Sayap Garuda Terpasang, Kantor Presiden di IKN Selesai Dibangun - iNews Siang 28/07","Official iNews","https://www.youtube.com/@OfficialiNews","3.6K views","3 days ago","Verified"
"https://www.youtube.com/watch?v=XXzWe06Ecos&pp=ygUDaWtu","Momen Jokowi ""Terbang"" ke IKN Ajak Sejumlah Influencer, Ada Nagita dan Atta-Aurel","Kompas.com","https://www.youtube.com/@kompascom","58K views","3 days ago","Verified"
"https://www.youtube.com/shorts/k1rIFuV5JqA","Upacara HUT RI Di IKN, Optimiskah? #shorts","METRO TV","https://www.youtube.com/@metrotvnews","7.6K views","3 days ago","Verified"
"https://www.youtube.com/shorts/YGvAS7bQ67w","Harapan Ferry Maryadi Mengenai IKN #shorts","METRO TV","https://www.youtube.com/@metrotvnews","1.6K views","3 days ago","Verified"
"https://www.youtube.com/shorts/KfC78F_-_Wk","Ferry Maryadi Bakal Touring Bareng Jokowi Di IKN #shorts","METRO TV","https://www.youtube.com/@metrotvnews","1.6K views","3 days ago","Verified"
"https://www.youtube.com/watch?v=rA_IJIOPJIo&pp=ygUDaWtu","UPDATE! Presiden Jokowi Berkantor di IKN - [Metro Siang]","METRO TV","https://www.youtube.com/@metrotvnews","74K views","3 days ago","Verified"
"https://www.youtube.com/watch?v=FZH6khgLvto&pp=ygUDaWtu","Sambut HUT RI, 3.840 Personel Diterjunkan Amankan Wilayah IKN","Kompas.com","https://www.youtube.com/@kompascom","2.4K views","3 days ago","Verified"
"https://www.youtube.com/watch?v=z_SLkn8lmKA&pp=ygUDaWtu","Satu Per Satu Proyek IKN Selesai, Jokowi Akan Resmikan Jembatan Pulau Balang Sore Ini","Kompas.com","https://www.youtube.com/@kompascom","45K views","3 days ago","Verified"
"https://www.youtube.com/watch?v=WkJA3e0EFYA&pp=ygUDaWtu","Persiapan HUT Ke-79 RI di IKN, Petugas Upacara dan Tamu Diinapkan di 2 Tempat","Kompas.com","https://www.youtube.com/@kompascom","49K views","3 days ago","Verified"
"https://www.youtube.com/watch?v=PHITKrF4oBY&pp=ygUDaWtu","Jembatan Pulau Balang akan Diresmikan Jokowi Hari Ini, Pangkas Jarak Balikpapan-IKN Nusantara","Tribun Kaltim Official","https://www.youtube.com/@tribunkaltimofficial","11K views","3 days ago","Verified"
"https://www.youtube.com/shorts/-mobGckjH84","KONVOI TANK HARIMAU MENUJU IKN!! 😱🥶 #tniindonesia #tnikuat #tniad #komando #beritaterkini #denjaka","WAR KUY","https://www.youtube.com/@warkuy1110","65K views","3 days ago","Verified"
"https://www.youtube.com/watch?v=RzOOH4eGC6U&pp=ygUDaWtu","Jokowi Berkantor di IKN Besok, Istana Bocorkan Agendanya","Pikiran Rakyat","https://www.youtube.com/@Pikiranrakyatmedianetwork","4K views","3 days ago",""
"https://www.youtube.com/watch?v=0XrR_D-Vshg&pp=ygUDaWtu","Jumlah Tamu Undangan HUT ke-79 RI di IKN 1.380 orang","Kompas.com","https://www.youtube.com/@kompascom","5.8K views","3 days ago","Verified"
"https://www.youtube.com/shorts/LcEuS-_GRqA","Biarkan mereka jadi Penonton Setia menyaksikan Upacara 17 Agustus di IKN😍","KevynLeyn_Art's","https://www.youtube.com/@KevynLeyn","46K views","3 days ago",""
"https://www.youtube.com/shorts/sj1FHfu1sgs","🔴PRESIDEN JOKOWI AKAN LAKUKAN KUNJUNGAN KE IKN MENINJAU PROGRES PEMBANGUNAN IKN #ikn #indonesiamaju","IndonesiaPedia","https://www.youtube.com/@IndonesiaPedia346","1.9K views","3 days ago",""
"https://www.youtube.com/shorts/Hd0OGZJtvUM","🔴MAKIN CANTIK KIPP SIAP SAMBUT UPACARA 17 AGUSTUS DI IKN NUSANTARA #ikn #iknupdate #indonesiamaju","IndonesiaPedia","https://www.youtube.com/@IndonesiaPedia346","726 views","3 days ago",""
"https://www.youtube.com/watch?v=tWCJK0yb0Qw&pp=ygUDaWtu","Progres Pembangunan Istana Negara IKN - SIP 28/07","Seputar iNews","https://www.youtube.com/@SeputariNews","26K views","3 days ago","Verified"
"https://www.youtube.com/watch?v=iCfEG8DN8zA&pp=ygUDaWtu","Tinjau Pembangunan Istana, Hari Ini, Minggu (28/07) Jokowi Kunjungi IKN  - SIP 28/07","Seputar iNews","https://www.youtube.com/@SeputariNews","128K views","3 days ago","Verified"
"https://www.youtube.com/watch?v=R15511AmvX4&pp=ygUDaWtu","IKN - Garuda Indonesia Akan Antar Peserta Upacara HUT RI Ke- 79 ke IKN Nusantara","Radio PROSA FM","https://www.youtube.com/@radioprosafm","43K views","3 days ago",""
"https://www.youtube.com/watch?v=7YCgLBWv_88&pp=ygUDaWtu","Istana: Presiden Jokowi Berkantor di IKN Senin Besok, Ajak Ibu Negara Iriana Nginap","KOMPASTV","https://www.youtube.com/@kompastv","61K views","3 days ago","Verified"
"https://www.youtube.com/watch?v=XXzWe06Ecos&pp=ygUDaWtu","Momen Jokowi ""Terbang"" ke IKN Ajak Sejumlah Influencer, Ada Nagita dan Atta-Aurel","Kompas.com","https://www.youtube.com/@kompascom","58K views","3 days ago","Verified"
"https://www.youtube.com/shorts/k1rIFuV5JqA","Upacara HUT RI Di IKN, Optimiskah? #shorts","METRO TV","https://www.youtube.com/@metrotvnews","7.6K views","3 days ago","Verified"
"https://www.youtube.com/shorts/YGvAS7bQ67w","Harapan Ferry Maryadi Mengenai IKN #shorts","METRO TV","https://www.youtube.com/@metrotvnews","1.6K views","3 days ago","Verified"
"https://www.youtube.com/shorts/KfC78F_-_Wk","Ferry Maryadi Bakal Touring Bareng Jokowi Di IKN #shorts","METRO TV","https://www.youtube.com/@metrotvnews","1.6K views","3 days ago","Verified"
"https://www.youtube.com/watch?v=rA_IJIOPJIo&pp=ygUDaWtu","UPDATE! Presiden Jokowi Berkantor di IKN - [Metro Siang]","METRO TV","https://www.youtube.com/@metrotvnews","74K views","3 days ago","Verified"
"https://www.youtube.com/watch?v=FZH6khgLvto&pp=ygUDaWtu","Sambut HUT RI, 3.840 Personel Diterjunkan Amankan Wilayah IKN","Kompas.com","https://www.youtube.com/@kompascom","2.4K views","3 days ago","Verified"
"https://www.youtube.com/watch?v=z_SLkn8lmKA&pp=ygUDaWtu","Satu Per Satu Proyek IKN Selesai, Jokowi Akan Resmikan Jembatan Pulau Balang Sore Ini","Kompas.com","https://www.youtube.com/@kompascom","45K views","3 days ago","Verified"
"https://www.youtube.com/watch?v=WkJA3e0EFYA&pp=ygUDaWtu","Persiapan HUT Ke-79 RI di IKN, Petugas Upacara dan Tamu Diinapkan di 2 Tempat","Kompas.com","https://www.youtube.com/@kompascom","49K views","3 days ago","Verified"
"https://www.youtube.com/watch?v=PHITKrF4oBY&pp=ygUDaWtu","Jembatan Pulau Balang akan Diresmikan Jokowi Hari Ini, Pangkas Jarak Balikpapan-IKN Nusantara","Tribun Kaltim Official","https://www.youtube.com/@tribunkaltimofficial","11K views","3 days ago","Verified"
"https://www.youtube.com/shorts/-mobGckjH84","KONVOI TANK HARIMAU MENUJU IKN!! 😱🥶 #tniindonesia #tnikuat #tniad #komando #beritaterkini #denjaka","WAR KUY","https://www.youtube.com/@warkuy1110","65K views","3 days ago","Verified"
"https://www.youtube.com/watch?v=RzOOH4eGC6U&pp=ygUDaWtu","Jokowi Berkantor di IKN Besok, Istana Bocorkan Agendanya","Pikiran Rakyat","https://www.youtube.com/@Pikiranrakyatmedianetwork","4K views","3 days ago",""
"https://www.youtube.com/watch?v=0XrR_D-Vshg&pp=ygUDaWtu","Jumlah Tamu Undangan HUT ke-79 RI di IKN 1.380 orang","Kompas.com","https://www.youtube.com/@kompascom","5.8K views","3 days ago","Verified"
"https://www.youtube.com/shorts/LcEuS-_GRqA","Biarkan mereka jadi Penonton Setia menyaksikan Upacara 17 Agustus di IKN😍","KevynLeyn_Art's","https://www.youtube.com/@KevynLeyn","46K views","3 days ago",""
"https://www.youtube.com/shorts/sj1FHfu1sgs","🔴PRESIDEN JOKOWI AKAN LAKUKAN KUNJUNGAN KE IKN MENINJAU PROGRES PEMBANGUNAN IKN #ikn #indonesiamaju","IndonesiaPedia","https://www.youtube.com/@IndonesiaPedia346","1.9K views","3 days ago",""
"https://www.youtube.com/shorts/Hd0OGZJtvUM","🔴MAKIN CANTIK KIPP SIAP SAMBUT UPACARA 17 AGUSTUS DI IKN NUSANTARA #ikn #iknupdate #indonesiamaju","IndonesiaPedia","https://www.youtube.com/@IndonesiaPedia346","726 views","3 days ago",""
"https://www.youtube.com/watch?v=tWCJK0yb0Qw&pp=ygUDaWtu","Progres Pembangunan Istana Negara IKN - SIP 28/07","Seputar iNews","https://www.youtube.com/@SeputariNews","26K views","3 days ago","Verified"
"https://www.youtube.com/watch?v=iCfEG8DN8zA&pp=ygUDaWtu","Tinjau Pembangunan Istana, Hari Ini, Minggu (28/07) Jokowi Kunjungi IKN  - SIP 28/07","Seputar iNews","https://www.youtube.com/@SeputariNews","128K views","3 days ago","Verified"
"https://www.youtube.com/watch?v=R15511AmvX4&pp=ygUDaWtu","IKN - Garuda Indonesia Akan Antar Peserta Upacara HUT RI Ke- 79 ke IKN Nusantara","Radio PROSA FM","https://www.youtube.com/@radioprosafm","43K views","3 days ago",""
"https://www.youtube.com/watch?v=7YCgLBWv_88&pp=ygUDaWtu","Istana: Presiden Jokowi Berkantor di IKN Senin Besok, Ajak Ibu Negara Iriana Nginap","KOMPASTV","https://www.youtube.com/@kompastv","61K views","3 days ago","Verified"
"https://www.youtube.com/watch?v=q6N3c5t9x54&pp=ygUDaWtu","IKN HARI INI TERBARU‼️ ASPAL DISIKAT PERSIAPAN ISTANA MENJELANG 17 AGUSTUS FASILITAS SATU DEKADE","Pers Lokal","https://www.youtube.com/@perslokal1699","26K views","3 days ago",""
"https://www.youtube.com/watch?v=NXGhwrdx-RY&pp=ygUDaWtu","KEREN,,, JAWABAN TELAK PAK JOKOWI KE GANJAR CS YG SINGGUNG IKN BAK HAMBALANG..??","Grobogan Gokil","https://www.youtube.com/@grobogangokil3236","35K views","3 days ago",""
"https://www.youtube.com/watch?v=R4iU5BYSt8g&pp=ygUDaWtu","Mengintip pembangunan sejumlah ruang publik bagi para penghuni IKN","Antara TV Indonesia","https://www.youtube.com/@antaratv","2K views","3 days ago","Verified"
"https://www.youtube.com/watch?v=8vEyyY3S6CI&pp=ygUDaWtu","IKN Hari Ini ‼️ Persiapan Upacara HUT RI ke - 79 Istana Presiden IBukota Nusantara","SARJANA PRAMUKA","https://www.youtube.com/@sarjanapramuka","6.1K views","3 days ago",""
"https://www.youtube.com/watch?v=TC-bZ8iZV-E&pp=ygUDaWtu","IKN HARI INI‼️Semua Tower Crane Sudah Dibongkar || Memorial Park dan Bukit Bendera Sudah Selesai","BorneoTube","https://www.youtube.com/@BorneoTube","23K views","3 days ago",""
"https://www.youtube.com/watch?v=ofHREyR0Lm0&pp=ygUDaWtu","IKN HARI INI‼️TAYANG PERDANA!!Duplikat bendera pusaka & naskah asli teks proklamasi HUT RI 79 DI IKN","Travelling ikn","https://www.youtube.com/@Febri839","72K views","3 days ago",""
"https://www.youtube.com/watch?v=PKsmn3U5rU0&pp=ygUDaWtu","Hari Ini, Jokowi Akan Kunjungi IKN untuk Cek Kantor Presiden dan Istana Negara | Liputan 6","Liputan6","https://www.youtube.com/@liputan6_news","83K views","3 days ago","Verified"
"https://www.youtube.com/shorts/sm0V1QN290s","Ambisi Tak Realistis Jokowi Gadaikan HGU 190 Tahun di IKN #shorts","Sinau Saham","https://www.youtube.com/@Rindank77","5.2K views","3 days ago",""
"https://www.youtube.com/shorts/dPWHCwpPkDk","Persiapan hotel belum selesai di IKN, Koq Ambisius Harus Upacara HUT RI di IKN❓kata orang orang😁","KevynLeyn_Art's","https://www.youtube.com/@KevynLeyn","98K views","3 days ago",""
"https://www.youtube.com/shorts/cCyUJu-w6HI","Kementerian PUPR Menyatakan Bahwa Istana Presiden Di IKN Sudah Bisa Ditempati...!!! 😎🔥😎🔥😎🔥","Galuh Natasya","https://www.youtube.com/@GaluhNatasya-k8w","7.3K views","3 days ago",""
"https://www.youtube.com/shorts/O7Vq88zFcVQ","Kementerian PUPR Menyatakan Bahwa Istana Presiden Di IKN Sudah Bisa Ditempati...!!! 😎🔥😎🔥😎🔥","Nadiya Virani","https://www.youtube.com/@NadiyaVirani","10K views","3 days ago",""
"https://www.youtube.com/watch?v=vMfmoH2xb-w&pp=ygUDaWtu","Presiden Jokowi Akan Mulai Berkantor di IKN?","Warta Kota Production","https://www.youtube.com/@WARTAKOTAPRODUCTION","14K views","3 days ago","Verified"
"https://www.youtube.com/shorts/hmXLsCVUseE","Jokowi Besok ke IKN, Tinjau Kesiapan HUT RI di Istana Negara yg ada di IKN #ikn #viralikn","Herman Saolabo","https://www.youtube.com/@Hermansaolabo","5.1K views","3 days ago",""
"https://www.youtube.com/watch?v=Rzy47uL8Ias&pp=ygUDaWtu","IKN terbaru hari ini !! indahnya IKN di waktu senja","Terang 057","https://www.youtube.com/@Terang057","2.1K views","3 days ago",""
"https://www.youtube.com/watch?v=2Gev0f58noA&pp=ygUDaWtu","Pemerintah Luncurkan Golden Visa, Karpet Merah Investor Asing untuk IKN?","KOMPASTV","https://www.youtube.com/@kompastv","16K views","4 days ago","Verified"
"https://www.youtube.com/watch?v=y33GzzSJUM8&pp=ygUDaWtu","Kapasitas Lapangan Upacara di IKN Bisa Menampung 8.700 Orang, Begini Penejelasannya | Liputan 6","Liputan6","https://www.youtube.com/@liputan6_news","3.2K views","4 days ago","Verified"
"https://www.youtube.com/watch?v=zn3zVZVIpNk&pp=ygUDaWtu","76 Paskibraka Jalani Latihan untuk Upacara HUT RI di IKN | Beritasatu","BeritaSatu","https://www.youtube.com/@BeritaSatuChannel","2.7K views","4 days ago","Verified"
"https://www.youtube.com/watch?v=1xBlZvjngkY&pp=ygUDaWtu","Jembatan Pulau Balang di IKN Siap Diresmikan Jokowi","Tribun Kaltim Official","https://www.youtube.com/@tribunkaltimofficial","5.2K views","4 days ago","Verified"
"https://www.youtube.com/watch?v=IY9tBDYiQHs&t=18s&pp=ygUDaWtu","Diuji Coba Bulan Depan, Kereta Otonom ART Telah Tiba di IKN Nusantara","Tribun Kaltim Official","https://www.youtube.com/@tribunkaltimofficial","28K views","4 days ago","Verified"
"https://www.youtube.com/watch?v=uXOnpycV3lc&pp=ygUDaWtu","Besok ke IKN, Presiden Jokowi Bakal Berkantor di Sana?","Tribun Kaltim Official","https://www.youtube.com/@tribunkaltimofficial","17K views","4 days ago","Verified"
"https://www.youtube.com/watch?v=NXGhwrdx-RY&pp=ygUDaWtu","KEREN,,, JAWABAN TELAK PAK JOKOWI KE GANJAR CS YG SINGGUNG IKN BAK HAMBALANG..??","Grobogan Gokil","https://www.youtube.com/@grobogangokil3236","35K views","3 days ago",""
"https://www.youtube.com/watch?v=R4iU5BYSt8g&pp=ygUDaWtu","Mengintip pembangunan sejumlah ruang publik bagi para penghuni IKN","Antara TV Indonesia","https://www.youtube.com/@antaratv","2K views","3 days ago","Verified"
"https://www.youtube.com/watch?v=8vEyyY3S6CI&pp=ygUDaWtu","IKN Hari Ini ‼️ Persiapan Upacara HUT RI ke - 79 Istana Presiden IBukota Nusantara","SARJANA PRAMUKA","https://www.youtube.com/@sarjanapramuka","6.1K views","3 days ago",""
"https://www.youtube.com/watch?v=TC-bZ8iZV-E&pp=ygUDaWtu","IKN HARI INI‼️Semua Tower Crane Sudah Dibongkar || Memorial Park dan Bukit Bendera Sudah Selesai","BorneoTube","https://www.youtube.com/@BorneoTube","23K views","3 days ago",""
"https://www.youtube.com/watch?v=ofHREyR0Lm0&pp=ygUDaWtu","IKN HARI INI‼️TAYANG PERDANA!!Duplikat bendera pusaka & naskah asli teks proklamasi HUT RI 79 DI IKN","Travelling ikn","https://www.youtube.com/@Febri839","72K views","3 days ago",""
"https://www.youtube.com/watch?v=PKsmn3U5rU0&pp=ygUDaWtu","Hari Ini, Jokowi Akan Kunjungi IKN untuk Cek Kantor Presiden dan Istana Negara | Liputan 6","Liputan6","https://www.youtube.com/@liputan6_news","83K views","3 days ago","Verified"
"https://www.youtube.com/shorts/sm0V1QN290s","Ambisi Tak Realistis Jokowi Gadaikan HGU 190 Tahun di IKN #shorts","Sinau Saham","https://www.youtube.com/@Rindank77","5.2K views","3 days ago",""
"https://www.youtube.com/shorts/dPWHCwpPkDk","Persiapan hotel belum selesai di IKN, Koq Ambisius Harus Upacara HUT RI di IKN❓kata orang orang😁","KevynLeyn_Art's","https://www.youtube.com/@KevynLeyn","98K views","3 days ago",""
"https://www.youtube.com/shorts/cCyUJu-w6HI","Kementerian PUPR Menyatakan Bahwa Istana Presiden Di IKN Sudah Bisa Ditempati...!!! 😎🔥😎🔥😎🔥","Galuh Natasya","https://www.youtube.com/@GaluhNatasya-k8w","7.3K views","3 days ago",""
"https://www.youtube.com/shorts/O7Vq88zFcVQ","Kementerian PUPR Menyatakan Bahwa Istana Presiden Di IKN Sudah Bisa Ditempati...!!! 😎🔥😎🔥😎🔥","Nadiya Virani","https://www.youtube.com/@NadiyaVirani","10K views","3 days ago",""
"https://www.youtube.com/watch?v=vMfmoH2xb-w&pp=ygUDaWtu","Presiden Jokowi Akan Mulai Berkantor di IKN?","Warta Kota Production","https://www.youtube.com/@WARTAKOTAPRODUCTION","14K views","3 days ago","Verified"
"https://www.youtube.com/shorts/hmXLsCVUseE","Jokowi Besok ke IKN, Tinjau Kesiapan HUT RI di Istana Negara yg ada di IKN #ikn #viralikn","Herman Saolabo","https://www.youtube.com/@Hermansaolabo","5.1K views","3 days ago",""
"https://www.youtube.com/watch?v=Rzy47uL8Ias&pp=ygUDaWtu","IKN terbaru hari ini !! indahnya IKN di waktu senja","Terang 057","https://www.youtube.com/@Terang057","2.1K views","3 days ago",""
"https://www.youtube.com/watch?v=2Gev0f58noA&pp=ygUDaWtu","Pemerintah Luncurkan Golden Visa, Karpet Merah Investor Asing untuk IKN?","KOMPASTV","https://www.youtube.com/@kompastv","16K views","4 days ago","Verified"
"https://www.youtube.com/watch?v=y33GzzSJUM8&pp=ygUDaWtu","Kapasitas Lapangan Upacara di IKN Bisa Menampung 8.700 Orang, Begini Penejelasannya | Liputan 6","Liputan6","https://www.youtube.com/@liputan6_news","3.2K views","4 days ago","Verified"
"https://www.youtube.com/watch?v=zn3zVZVIpNk&pp=ygUDaWtu","76 Paskibraka Jalani Latihan untuk Upacara HUT RI di IKN | Beritasatu","BeritaSatu","https://www.youtube.com/@BeritaSatuChannel","2.7K views","4 days ago","Verified"
"https://www.youtube.com/watch?v=1xBlZvjngkY&pp=ygUDaWtu","Jembatan Pulau Balang di IKN Siap Diresmikan Jokowi","Tribun Kaltim Official","https://www.youtube.com/@tribunkaltimofficial","5.2K views","4 days ago","Verified"
"https://www.youtube.com/watch?v=IY9tBDYiQHs&t=18s&pp=ygUDaWtu","Diuji Coba Bulan Depan, Kereta Otonom ART Telah Tiba di IKN Nusantara","Tribun Kaltim Official","https://www.youtube.com/@tribunkaltimofficial","28K views","4 days ago","Verified"
"https://www.youtube.com/watch?v=uXOnpycV3lc&pp=ygUDaWtu","Besok ke IKN, Presiden Jokowi Bakal Berkantor di Sana?","Tribun Kaltim Official","https://www.youtube.com/@tribunkaltimofficial","17K views","4 days ago","Verified"
"https://www.youtube.com/shorts/zNw8ALg330c","Air IKN Bisa Langsung Diminum!! #iknnusantara #ikn #jokowi","Khaerun Imam","https://www.youtube.com/@khaerunimam2045","3.4K views","4 days ago",""
"https://www.youtube.com/watch?v=E4cnzQqgqHU&pp=ygUDaWtu","IKN Terkini!! Update Terminal Bandara VVIP di IKN","Robie Mrg","https://www.youtube.com/@Robie_Mrg","69K views","4 days ago",""
"https://www.youtube.com/shorts/IkMpOqCOA2E","Melihat IKN begini megah, Sebagai Rakyat Biasa Ikut Bangga dengan Kemajuan bangsa ini","KevynLeyn_Art's","https://www.youtube.com/@KevynLeyn","40K views","4 days ago",""
"https://www.youtube.com/watch?v=Xuel4W-CMlg&pp=ygUDaWtu","IKN AKAN MENJADI PROYEK HAMBALANG KEDUA? - GANJAR PRANOWO","Keadilan TV","https://www.youtube.com/@MajalahKeadilanTV","114K views","4 days ago",""
"https://www.youtube.com/watch?v=iiJj3zRkNig&t=20s&pp=ygUDaWtu","IKN HARI INI ‼️ Suasana Terkini Pembangunan Jalan Sumbu Kebangsaan Sisi Barat dan Rumah Menteri!!!","Warga Nusantara","https://www.youtube.com/@WargaNusantara-wg1em","27K views","4 days ago",""
"https://www.youtube.com/watch?v=Kag5gPfJ5bc&pp=ygUDaWtu","IKN MAKIN INDAH, PARA PEMBENCI MAKIN PUSING!","Khaerun Imam","https://www.youtube.com/@khaerunimam2045","16K views","4 days ago",""
"https://www.youtube.com/watch?v=e2TTpiSV2Oo&pp=ygUDaWtu","Basuki Bermalam di Rumah Tapak Jabatan Menteri IKN Selama Tiga Hari","Tribun kaltim News Video","https://www.youtube.com/@tribunkaltimnewsvideo8986","7.2K views","4 days ago",""
"https://www.youtube.com/watch?v=Xlr597zI0as&pp=ygUDaWtu","Jokowi ke IKN Besok, Bakal Mulai Ngantor di Sana?","Kompas.com","https://www.youtube.com/@kompascom","17K views","4 days ago","Verified"
"https://www.youtube.com/watch?v=B3g6825Bl-4&pp=ygUDaWtu","IKN Terbaru Hari ini‼️Persiapan Upacara HUT RI Ke 79 di Istana Negara IKN, Suasana Senja Istimewa 🇮🇩","Indonesia Terbarukan 🇮🇩","https://www.youtube.com/@indonesiaterbarukan","6.7K views","4 days ago",""
"https://www.youtube.com/watch?v=3HVdpGMAdXU&pp=ygUDaWtu","IKN HARI INI‼️Repair & Pengecekan Kerangka Baja yang Sudah Terpasang","BorneoTube","https://www.youtube.com/@BorneoTube","15K views","4 days ago",""
"https://www.youtube.com/watch?v=N4gQvCSRugA&pp=ygUDaWtu","IKN HARI INI ‼️ melihat keindahan plaza seremoni dan momorial park di IKN Nusantara #infoikn","SUDUT KAMARKU","https://www.youtube.com/@saniya4809","2.8K views","4 days ago",""
"https://www.youtube.com/shorts/x_D9n5wNm3w","Jokowi : Pembangunan IKN Nusantara Transformasi Menuju Indonesia Maju. #shorts #jokowi #ikn","Soeara Rakjat","https://www.youtube.com/@Soeararakjat","5.1K views","4 days ago",""
"https://www.youtube.com/watch?v=snK4tQ6CRMo&pp=ygUDaWtu","SEMAKIN CANTIK DAN RAPI ‼️ Persiapan Istana Menjelang 17 Agustus di IKN","WPS Channel","https://www.youtube.com/@WPS_Channel","363K views","4 days ago","Verified"
"https://www.youtube.com/watch?v=87k4_ww1vU8&pp=ygUDaWtu","Garuda Siap Terbang ke IKN, Momen Sejarah Tercipta, Layani Upacara HUT RI Perdana di Ibu Kota Baru!","INFO PAGI","https://www.youtube.com/@info_pagi","5.6K views","4 days ago","Verified"
"https://www.youtube.com/watch?v=J_kACo5htiY&pp=ygUDaWtu","MELIHAT ISTANA KEPRESIDENAN DI IKN NUSANTARA ‼️","Dot Co","https://www.youtube.com/@DotCo","6.2K views","4 days ago",""
"https://www.youtube.com/watch?v=5jx545WGBtM&pp=ygUDaWtu","SETELAH DILANTIK JADI PRESIDEN, PRABOWO TIDAK AKAN NGANTOR, APALAGI PINDAH KE IKN?","Rocky Gerung Official","https://www.youtube.com/@RockyGerungOfficial_2024","76K views","4 days ago","Verified"
"https://www.youtube.com/shorts/fIy-jIybTuA","SIAPA PERANCANG DESAIN GARUDA DI IKN?","Railingku Project","https://www.youtube.com/@RailingkuProject","10K views","4 days ago",""
"https://www.youtube.com/watch?v=B6yPFO7XFuA&pp=ygUDaWtu","Potret Emas dibalik Istana Presiden Ibu Kota Nusantara, Pemandangannya bikin Damai","DIAN RANA","https://www.youtube.com/@DIAN_RANA","69K views","4 days ago","Verified"
"https://www.youtube.com/watch?v=VDbAk23ImVM&pp=ygUDaWtu","Jembatan Pulau Balang IKN Rampung, Kini Balikpapan ke Penajam Paser Utara Sejam","Kompas.com","https://www.youtube.com/@kompascom","34K views","4 days ago","Verified"
"https://www.youtube.com/watch?v=ZaIyucX4uOw&pp=ygUDaWtu","MULAI BERSIH BERSIH❗️Presiden Jokowi Segera Ngantor di IKN dan Persiapan Jelang Upacara HUT RI ke-79","Titik Nol Nusantara","https://www.youtube.com/@TitikNol_Nusantara","34K views","4 days ago",""
"https://www.youtube.com/watch?v=E4cnzQqgqHU&pp=ygUDaWtu","IKN Terkini!! Update Terminal Bandara VVIP di IKN","Robie Mrg","https://www.youtube.com/@Robie_Mrg","69K views","4 days ago",""
"https://www.youtube.com/shorts/IkMpOqCOA2E","Melihat IKN begini megah, Sebagai Rakyat Biasa Ikut Bangga dengan Kemajuan bangsa ini","KevynLeyn_Art's","https://www.youtube.com/@KevynLeyn","40K views","4 days ago",""
"https://www.youtube.com/watch?v=Xuel4W-CMlg&pp=ygUDaWtu","IKN AKAN MENJADI PROYEK HAMBALANG KEDUA? - GANJAR PRANOWO","Keadilan TV","https://www.youtube.com/@MajalahKeadilanTV","114K views","4 days ago",""
"https://www.youtube.com/watch?v=iiJj3zRkNig&t=20s&pp=ygUDaWtu","IKN HARI INI ‼️ Suasana Terkini Pembangunan Jalan Sumbu Kebangsaan Sisi Barat dan Rumah Menteri!!!","Warga Nusantara","https://www.youtube.com/@WargaNusantara-wg1em","27K views","4 days ago",""
"https://www.youtube.com/watch?v=Kag5gPfJ5bc&pp=ygUDaWtu","IKN MAKIN INDAH, PARA PEMBENCI MAKIN PUSING!","Khaerun Imam","https://www.youtube.com/@khaerunimam2045","16K views","4 days ago",""
"https://www.youtube.com/watch?v=e2TTpiSV2Oo&pp=ygUDaWtu","Basuki Bermalam di Rumah Tapak Jabatan Menteri IKN Selama Tiga Hari","Tribun kaltim News Video","https://www.youtube.com/@tribunkaltimnewsvideo8986","7.2K views","4 days ago",""
"https://www.youtube.com/watch?v=Xlr597zI0as&pp=ygUDaWtu","Jokowi ke IKN Besok, Bakal Mulai Ngantor di Sana?","Kompas.com","https://www.youtube.com/@kompascom","17K views","4 days ago","Verified"
"https://www.youtube.com/watch?v=B3g6825Bl-4&pp=ygUDaWtu","IKN Terbaru Hari ini‼️Persiapan Upacara HUT RI Ke 79 di Istana Negara IKN, Suasana Senja Istimewa 🇮🇩","Indonesia Terbarukan 🇮🇩","https://www.youtube.com/@indonesiaterbarukan","6.7K views","4 days ago",""
"https://www.youtube.com/watch?v=3HVdpGMAdXU&pp=ygUDaWtu","IKN HARI INI‼️Repair & Pengecekan Kerangka Baja yang Sudah Terpasang","BorneoTube","https://www.youtube.com/@BorneoTube","15K views","4 days ago",""
"https://www.youtube.com/watch?v=N4gQvCSRugA&pp=ygUDaWtu","IKN HARI INI ‼️ melihat keindahan plaza seremoni dan momorial park di IKN Nusantara #infoikn","SUDUT KAMARKU","https://www.youtube.com/@saniya4809","2.8K views","4 days ago",""
"https://www.youtube.com/shorts/x_D9n5wNm3w","Jokowi : Pembangunan IKN Nusantara Transformasi Menuju Indonesia Maju. #shorts #jokowi #ikn","Soeara Rakjat","https://www.youtube.com/@Soeararakjat","5.1K views","4 days ago",""
"https://www.youtube.com/watch?v=snK4tQ6CRMo&pp=ygUDaWtu","SEMAKIN CANTIK DAN RAPI ‼️ Persiapan Istana Menjelang 17 Agustus di IKN","WPS Channel","https://www.youtube.com/@WPS_Channel","363K views","4 days ago","Verified"
"https://www.youtube.com/watch?v=87k4_ww1vU8&pp=ygUDaWtu","Garuda Siap Terbang ke IKN, Momen Sejarah Tercipta, Layani Upacara HUT RI Perdana di Ibu Kota Baru!","INFO PAGI","https://www.youtube.com/@info_pagi","5.6K views","4 days ago","Verified"
"https://www.youtube.com/watch?v=J_kACo5htiY&pp=ygUDaWtu","MELIHAT ISTANA KEPRESIDENAN DI IKN NUSANTARA ‼️","Dot Co","https://www.youtube.com/@DotCo","6.2K views","4 days ago",""
"https://www.youtube.com/watch?v=5jx545WGBtM&pp=ygUDaWtu","SETELAH DILANTIK JADI PRESIDEN, PRABOWO TIDAK AKAN NGANTOR, APALAGI PINDAH KE IKN?","Rocky Gerung Official","https://www.youtube.com/@RockyGerungOfficial_2024","76K views","4 days ago","Verified"
"https://www.youtube.com/shorts/fIy-jIybTuA","SIAPA PERANCANG DESAIN GARUDA DI IKN?","Railingku Project","https://www.youtube.com/@RailingkuProject","10K views","4 days ago",""
"https://www.youtube.com/watch?v=B6yPFO7XFuA&pp=ygUDaWtu","Potret Emas dibalik Istana Presiden Ibu Kota Nusantara, Pemandangannya bikin Damai","DIAN RANA","https://www.youtube.com/@DIAN_RANA","69K views","4 days ago","Verified"
"https://www.youtube.com/watch?v=VDbAk23ImVM&pp=ygUDaWtu","Jembatan Pulau Balang IKN Rampung, Kini Balikpapan ke Penajam Paser Utara Sejam","Kompas.com","https://www.youtube.com/@kompascom","34K views","4 days ago","Verified"
"https://www.youtube.com/watch?v=ZaIyucX4uOw&pp=ygUDaWtu","MULAI BERSIH BERSIH❗️Presiden Jokowi Segera Ngantor di IKN dan Persiapan Jelang Upacara HUT RI ke-79","Titik Nol Nusantara","https://www.youtube.com/@TitikNol_Nusantara","34K views","4 days ago",""
"https://www.youtube.com/watch?v=MnF1d98nfCQ&pp=ygUDaWtu","Air Bersih Masuk IKN, Mbah Amin dan Para Sudrun Tambah Strok!! || Jangan Kelojotan, Mbah!!","Sinergi Update","https://www.youtube.com/@sinergiupdate","25K views","4 days ago","Verified"
"https://www.youtube.com/shorts/yvcpLWWcbS4","PERSIAPAN HUT RI KE 79 DI IKN, PASPAMRES GIAT BERLATIH #paspampres #ikn #hutri79 #prajurit #tni","Campur Udak Channel","https://www.youtube.com/@Campurudak","3.3K views","4 days ago",""
"https://www.youtube.com/watch?v=Y0rOHrP68m4&pp=ygUDaWtu","Realisasi PERINGATAN HUT RI IKN !! Tenda & Panggung DI LAPANGAN UPACAR ISTANA NEGARA IKN Disiapkan","On Road Indonesia","https://www.youtube.com/@OnRoadIndonesia","137K views","4 days ago",""
"https://www.youtube.com/watch?v=97l_VW7Opck&pp=ygUDaWtu","Garuda Indonesia Resmi Dukung Aksesibilitas Transportasi Udara Ke IKN | Liputan 6","Liputan6","https://www.youtube.com/@liputan6_news","3.1K views","4 days ago","Verified"
"https://www.youtube.com/watch?v=xoEbnUNapd0&pp=ygUDaWtu","SEMAKIN NYATA‼️PANGGUNG DAN TENDA MULAI BERDIRI KOKOH,PERSIAPAN UPACARA HUT RI KE 79,IKN TERBARU","Mata PROYEK","https://www.youtube.com/@mataPROYEK","57K views","4 days ago",""
"https://www.youtube.com/watch?v=YHUDl2vcAVs&pp=ygUDaWtu","Biaya Konstruksi Capai Rp 1,4 Triliun, Jembatan Pulau Balang di IKN Nusantara Siap Diresmikan","Tribun Kaltim Official","https://www.youtube.com/@tribunkaltimofficial","18K views","4 days ago","Verified"
"https://www.youtube.com/watch?v=_0z9xrs1tlg&pp=ygUDaWtu","🔴Presiden Jokowi Mulai Tinggal di IKN 28 Juli, Sekaligus Mobil Terbang Sudah Mengudara di IKN, Keren","Tribun Sumsel","https://www.youtube.com/@TribunSumselvideo","94K views","Streamed 5 days ago","Verified"
"https://www.youtube.com/watch?v=38E0e7wfs-c&pp=ygUDaWtu","IKN Terbaru Hari ini‼️Update Bukit Bendera IKN, Bank Indonesia IKN & Memorial Park IKN 27 Juli 2024","Indonesia Terbarukan 🇮🇩","https://www.youtube.com/@indonesiaterbarukan","11K views","4 days ago",""
"https://www.youtube.com/shorts/KcPYEgMZYD0","Bersih²apartmen#interiordesign#interiorapartemen#interiorimpian#woodwork#homedecor#interiorkamar#ikn","𝑱𝑩𝑫 𝓲𝓷𝓽𝓮𝓻𝓲𝓸𝓻","https://www.youtube.com/@JBD_interior","91 views","4 days ago",""
"https://www.youtube.com/watch?v=u2xrF7fnQaE&pp=ygUDaWtu","2 Titik Pendaratan Pesawat Kepresidenan Jokowi Andai Gagal Mendarat di Bandara VVIP IKN Nusantara","Tribun Kaltim Official","https://www.youtube.com/@tribunkaltimofficial","7.1K views","4 days ago","Verified"
"https://www.youtube.com/watch?v=qBmNW2DLX-U&pp=ygUDaWtu","IKN HARI INI‼️ ASPAL ISTANA MULUS PERSIAPAN HUT RI KE 79 IBU KOTA NUSANTARA ISTANA PRESIDEN","Pers Lokal","https://www.youtube.com/@perslokal1699","57K views","4 days ago",""
"https://www.youtube.com/watch?v=ZS9MtFbrlv4&pp=ygUDaWtu","Kesiapan IKN Disorot Jelang Perayaan HUT RI. Begini Penjelasan Kasatgas IKN Danis Sumadilaga","Liputan6","https://www.youtube.com/@liputan6_news","61K views","4 days ago","Verified"
"https://www.youtube.com/watch?v=g7yJ7jjvfBg&pp=ygUDaWtu","Jelang Hut RI, Jalan Tol Dibangun untuk Percepat Waktu Tempuh Menuju IKN | Liputan 6","Liputan6","https://www.youtube.com/@liputan6_news","6.2K views","4 days ago","Verified"
"https://www.youtube.com/watch?v=Tr2pqyIFk58&pp=ygUDaWtu","BERKAH IKN,,, AIR MELIMPAH,, WARGA SEKITAR RAUP CUAN JUTAAN PER MINGGU,, MASINTON CS MAKIN PANAS..??","Grobogan Gokil","https://www.youtube.com/@grobogangokil3236","39K views","4 days ago",""
"https://www.youtube.com/watch?v=oi67DYXz_Uk&pp=ygUDaWtu","IKN HARI INI!! RAMALAN JAYA BAYA TENTANG 17 AGUSTUS DI IKN NUSANTARA","LENSA KONTRUKSI - IKN HARI INI","https://www.youtube.com/@lensakontruksi","54K views","4 days ago",""
"https://www.youtube.com/shorts/GvCOySvwMOA","Jokowi Akan Mulai Berkantor Di IKN Pada 28 Juli 2024...!!! 😎🔥😎🔥😎🔥","Demokrasi Istimewa","https://www.youtube.com/@demokrasiistimewa1969","17K views","4 days ago",""
"https://www.youtube.com/watch?v=WMvL-rk0fKU&pp=ygUDaWtu","Update IKN hari ini ‼️ Bilah garuda Istana Presiden Selesai IKN siap Gelar Upacara HUT RI","SARJANA PRAMUKA","https://www.youtube.com/@sarjanapramuka","13K views","4 days ago",""
"https://www.youtube.com/watch?v=tytNpsrLpSA&pp=ygUDaWtu","IKN TERKINI! PERSIAPAN UPACARA HUT RI KE 79 ISTANA PRESIDEN IBU KOTA NUSANTARA 27 Juli 2024","Mbah Min Bpn 🇮🇩","https://www.youtube.com/@iknkaltim","79K views","4 days ago",""
"https://www.youtube.com/watch?v=QHG0xZ76RBE&pp=ygUDaWtu","Hingga Juli Ini, Pembangunan IKN Serap 27.000 Pekerja Konstruksi","Kompas.com","https://www.youtube.com/@kompascom","3.2K views","4 days ago","Verified"
"https://www.youtube.com/watch?v=VFmnmgPI-gc&pp=ygUDaWtu","Bagaimana Bisa Menandingi Indonesia? Peringatan DPR Malaysia dg Nama IKN Jelang Upacara 17 Agustus","The Wanderer","https://www.youtube.com/@TheWandererDoc","253K views","4 days ago","Verified"
"https://www.youtube.com/shorts/yvcpLWWcbS4","PERSIAPAN HUT RI KE 79 DI IKN, PASPAMRES GIAT BERLATIH #paspampres #ikn #hutri79 #prajurit #tni","Campur Udak Channel","https://www.youtube.com/@Campurudak","3.3K views","4 days ago",""
"https://www.youtube.com/watch?v=Y0rOHrP68m4&pp=ygUDaWtu","Realisasi PERINGATAN HUT RI IKN !! Tenda & Panggung DI LAPANGAN UPACAR ISTANA NEGARA IKN Disiapkan","On Road Indonesia","https://www.youtube.com/@OnRoadIndonesia","137K views","4 days ago",""
"https://www.youtube.com/watch?v=97l_VW7Opck&pp=ygUDaWtu","Garuda Indonesia Resmi Dukung Aksesibilitas Transportasi Udara Ke IKN | Liputan 6","Liputan6","https://www.youtube.com/@liputan6_news","3.1K views","4 days ago","Verified"
"https://www.youtube.com/watch?v=xoEbnUNapd0&pp=ygUDaWtu","SEMAKIN NYATA‼️PANGGUNG DAN TENDA MULAI BERDIRI KOKOH,PERSIAPAN UPACARA HUT RI KE 79,IKN TERBARU","Mata PROYEK","https://www.youtube.com/@mataPROYEK","57K views","4 days ago",""
"https://www.youtube.com/watch?v=YHUDl2vcAVs&pp=ygUDaWtu","Biaya Konstruksi Capai Rp 1,4 Triliun, Jembatan Pulau Balang di IKN Nusantara Siap Diresmikan","Tribun Kaltim Official","https://www.youtube.com/@tribunkaltimofficial","18K views","4 days ago","Verified"
"https://www.youtube.com/watch?v=_0z9xrs1tlg&pp=ygUDaWtu","🔴Presiden Jokowi Mulai Tinggal di IKN 28 Juli, Sekaligus Mobil Terbang Sudah Mengudara di IKN, Keren","Tribun Sumsel","https://www.youtube.com/@TribunSumselvideo","94K views","Streamed 5 days ago","Verified"
"https://www.youtube.com/watch?v=38E0e7wfs-c&pp=ygUDaWtu","IKN Terbaru Hari ini‼️Update Bukit Bendera IKN, Bank Indonesia IKN & Memorial Park IKN 27 Juli 2024","Indonesia Terbarukan 🇮🇩","https://www.youtube.com/@indonesiaterbarukan","11K views","4 days ago",""
"https://www.youtube.com/shorts/KcPYEgMZYD0","Bersih²apartmen#interiordesign#interiorapartemen#interiorimpian#woodwork#homedecor#interiorkamar#ikn","𝑱𝑩𝑫 𝓲𝓷𝓽𝓮𝓻𝓲𝓸𝓻","https://www.youtube.com/@JBD_interior","91 views","4 days ago",""
"https://www.youtube.com/watch?v=u2xrF7fnQaE&pp=ygUDaWtu","2 Titik Pendaratan Pesawat Kepresidenan Jokowi Andai Gagal Mendarat di Bandara VVIP IKN Nusantara","Tribun Kaltim Official","https://www.youtube.com/@tribunkaltimofficial","7.1K views","4 days ago","Verified"
"https://www.youtube.com/watch?v=qBmNW2DLX-U&pp=ygUDaWtu","IKN HARI INI‼️ ASPAL ISTANA MULUS PERSIAPAN HUT RI KE 79 IBU KOTA NUSANTARA ISTANA PRESIDEN","Pers Lokal","https://www.youtube.com/@perslokal1699","57K views","4 days ago",""
"https://www.youtube.com/watch?v=ZS9MtFbrlv4&pp=ygUDaWtu","Kesiapan IKN Disorot Jelang Perayaan HUT RI. Begini Penjelasan Kasatgas IKN Danis Sumadilaga","Liputan6","https://www.youtube.com/@liputan6_news","61K views","4 days ago","Verified"
"https://www.youtube.com/watch?v=g7yJ7jjvfBg&pp=ygUDaWtu","Jelang Hut RI, Jalan Tol Dibangun untuk Percepat Waktu Tempuh Menuju IKN | Liputan 6","Liputan6","https://www.youtube.com/@liputan6_news","6.2K views","4 days ago","Verified"
"https://www.youtube.com/watch?v=Tr2pqyIFk58&pp=ygUDaWtu","BERKAH IKN,,, AIR MELIMPAH,, WARGA SEKITAR RAUP CUAN JUTAAN PER MINGGU,, MASINTON CS MAKIN PANAS..??","Grobogan Gokil","https://www.youtube.com/@grobogangokil3236","39K views","4 days ago",""
"https://www.youtube.com/watch?v=oi67DYXz_Uk&pp=ygUDaWtu","IKN HARI INI!! RAMALAN JAYA BAYA TENTANG 17 AGUSTUS DI IKN NUSANTARA","LENSA KONTRUKSI - IKN HARI INI","https://www.youtube.com/@lensakontruksi","54K views","4 days ago",""
"https://www.youtube.com/shorts/GvCOySvwMOA","Jokowi Akan Mulai Berkantor Di IKN Pada 28 Juli 2024...!!! 😎🔥😎🔥😎🔥","Demokrasi Istimewa","https://www.youtube.com/@demokrasiistimewa1969","17K views","4 days ago",""
"https://www.youtube.com/watch?v=WMvL-rk0fKU&pp=ygUDaWtu","Update IKN hari ini ‼️ Bilah garuda Istana Presiden Selesai IKN siap Gelar Upacara HUT RI","SARJANA PRAMUKA","https://www.youtube.com/@sarjanapramuka","13K views","4 days ago",""
"https://www.youtube.com/watch?v=tytNpsrLpSA&pp=ygUDaWtu","IKN TERKINI! PERSIAPAN UPACARA HUT RI KE 79 ISTANA PRESIDEN IBU KOTA NUSANTARA 27 Juli 2024","Mbah Min Bpn 🇮🇩","https://www.youtube.com/@iknkaltim","79K views","4 days ago",""
"https://www.youtube.com/watch?v=QHG0xZ76RBE&pp=ygUDaWtu","Hingga Juli Ini, Pembangunan IKN Serap 27.000 Pekerja Konstruksi","Kompas.com","https://www.youtube.com/@kompascom","3.2K views","4 days ago","Verified"
"https://www.youtube.com/watch?v=VFmnmgPI-gc&pp=ygUDaWtu","Bagaimana Bisa Menandingi Indonesia? Peringatan DPR Malaysia dg Nama IKN Jelang Upacara 17 Agustus","The Wanderer","https://www.youtube.com/@TheWandererDoc","253K views","4 days ago","Verified"
"https://www.youtube.com/watch?v=WU8XYY1jbj4&pp=ygUDaWtu","🔴TRIBUN TALKSHOW: Balikpapan Sesak Jelang Upacara di IKN","Tribun Kaltim Official","https://www.youtube.com/@tribunkaltimofficial","14K views","Streamed 5 days ago","Verified"
"https://www.youtube.com/watch?v=BBgX7Wxaemg&pp=ygUDaWtu","MOELDOKO DESAK MENSESNEG PERCEPAT KEPPRES AGAR PRABOWO DILANTIK DI IKN. PBNU REBUT PKB? |OTR Eps.689","Off The Record FNN","https://www.youtube.com/@OffTheRecordFNN","54K views","5 days ago","Verified"
"https://www.youtube.com/watch?v=5MADxv-Vsx0&pp=ygUDaWtu","TENDA UPACARA PERINGATAN HUT RI  DI IKN SUDAH MULAI DIPASANG HARI INI, PEMBENCI JOKOWI MAKIN MUMET","AGRI FANANI","https://www.youtube.com/@AGRIFANANI","91K views","5 days ago",""
"https://www.youtube.com/watch?v=MH5zYnOKheo&pp=ygUDaWtu","SEMAKIN SIAP‼️SAYAP PELINDUNG MEMORIAL PARK HAMPIR RAMPUNG,PERSIAPAN UPACARA,UPDATE IKN TERBARU","Mata PROYEK","https://www.youtube.com/@mataPROYEK","13K views","5 days ago",""
"https://www.youtube.com/watch?v=SbMQ468ErAo&pp=ygUDaWtu","Ikn Terkini‼️Desain Gedung Nahdlatul Ulama Nusantara Indonesia | Tutorial Pakai Ai","Musliadi Arafah","https://www.youtube.com/@musliadiarafah","12K views","5 days ago",""
"https://www.youtube.com/watch?v=X-lItMJECpY&pp=ygUDaWtu","Segera Berkantor di IKN, Jokowi Terus Kawal Progres Pembangunan","JPNN.COM","https://www.youtube.com/@JPNNCOM11","9.3K views","5 days ago","Verified"
"https://www.youtube.com/shorts/5099gr481aQ","IKN ERA DUNIA ‼️Senja Ibu kota Negara penajam paser utara Kal-Tim😍😍🇮🇩🇮🇩🇮🇩","Travelling ikn","https://www.youtube.com/@Febri839","3.5K views","5 days ago",""
"https://www.youtube.com/watch?v=q2OwYWvH2IQ&pp=ygUDaWtu","TUNJANG IKN KM DHARMA KENCANA V RESMI BEROPERASI DI PELABUHAN DONGGALA","Info Dgl","https://www.youtube.com/@infodonggala-x7m","15K views","5 days ago",""
"https://www.youtube.com/watch?v=H75HMOzwQUk&pp=ygUDaWtu","IKN HARI INI persiapan satu jalur tol ikn menuju ibu kota nusantara #ikn #pace99","Pace99","https://www.youtube.com/@Pacepace99","18K views","5 days ago",""
"https://www.youtube.com/watch?v=3m3KGGAVaYY&pp=ygUDaWtu","Istana Wakil Presiden di IKN Segera Dibangun","Kompas.com","https://www.youtube.com/@kompascom","3.3K views","5 days ago","Verified"
"https://www.youtube.com/watch?v=GyeKC5xd8Ts&t=20s&pp=ygUDaWtu","IKN HARI INI‼️Jelang 17 Agustus 2024, Presiden Akan Monitoring Langsung Persiapan di Lapangan","BorneoTube","https://www.youtube.com/@BorneoTube","8.5K views","5 days ago",""
"https://www.youtube.com/shorts/TxNQlRY9NeA","Dampak Perpindahan Ibu Kota #facts #faktaunik #ikn #information","Tertawa Pintar","https://www.youtube.com/@TertawaPintar","2.4K views","5 days ago",""
"https://www.youtube.com/watch?v=IZV26qa-eJE&pp=ygUDaWtu","JEMBATAN SUMBU PEMERINTAHAN IKN DIGERUDUG 500 PEKERJA","Lilike","https://www.youtube.com/@Lilike506","20K views","5 days ago",""
"https://www.youtube.com/watch?v=MFFjsVK3EHk&pp=ygUDaWtu","Keinginan Presiden Jokowi Melaksanakan Upacara HUT RI ke-79 di IKN Terwujud","Roda Dunia","https://www.youtube.com/@RodaDunia","39K views","5 days ago",""
"https://www.youtube.com/shorts/ee8fBL6VEn4","UPDATE TERBARU! BIG PROJECT DI IKN","Railingku Project","https://www.youtube.com/@RailingkuProject","92K views","5 days ago",""
"https://www.youtube.com/watch?v=RePDeUJXQNE&pp=ygUDaWtu","Kondisi pemukiman Warga lokal di  sekitar kawasan pembangunan  IKN","Sefni Alat Berat","https://www.youtube.com/@sefnialatberat","16K views","5 days ago",""
"https://www.youtube.com/watch?v=1KPtIose4V4&pp=ygUDaWtu","IKN UPDATE !! RUANG ISTANA PRESIDEN WARNA EMAS, MEWAH SUPER KEREN","Sawit Kilo Lima","https://www.youtube.com/@sawitcabutan9536","28K views","5 days ago",""
"https://www.youtube.com/watch?v=pVcsGaVmGkY&pp=ygUDaWtu","MELIMPAH ‼️ Sumber Air di Ibu Kota Nusantara. Persiapan HUT RI Ke 79 di IKN","WPS Channel","https://www.youtube.com/@WPS_Channel","176K views","5 days ago","Verified"
"https://www.youtube.com/watch?v=1QmkHFWcIJA&pp=ygUDaWtu","IKN TERBARU‼️BURUNG GARUDA TERLIHAT GAGAH, LANJUTAN PEMBANGUNAN IKN, ANGGARAN APBN MENIPIS, UPDATE","ikhfa story","https://www.youtube.com/@ikhfastory","8.6K views","5 days ago",""
"https://www.youtube.com/shorts/oBbnXBpDcrc","Presiden Jokowi Singgung Rapat di IKN, Satgas: Furnitur Sudah Sampai","LENSA INDONESIA - RTV","https://www.youtube.com/@LENSAINDONESIARTV","3.1K views","5 days ago","Verified"
"https://www.youtube.com/watch?v=BBgX7Wxaemg&pp=ygUDaWtu","MOELDOKO DESAK MENSESNEG PERCEPAT KEPPRES AGAR PRABOWO DILANTIK DI IKN. PBNU REBUT PKB? |OTR Eps.689","Off The Record FNN","https://www.youtube.com/@OffTheRecordFNN","54K views","5 days ago","Verified"
"https://www.youtube.com/watch?v=5MADxv-Vsx0&pp=ygUDaWtu","TENDA UPACARA PERINGATAN HUT RI  DI IKN SUDAH MULAI DIPASANG HARI INI, PEMBENCI JOKOWI MAKIN MUMET","AGRI FANANI","https://www.youtube.com/@AGRIFANANI","91K views","5 days ago",""
"https://www.youtube.com/watch?v=MH5zYnOKheo&pp=ygUDaWtu","SEMAKIN SIAP‼️SAYAP PELINDUNG MEMORIAL PARK HAMPIR RAMPUNG,PERSIAPAN UPACARA,UPDATE IKN TERBARU","Mata PROYEK","https://www.youtube.com/@mataPROYEK","13K views","5 days ago",""
"https://www.youtube.com/watch?v=SbMQ468ErAo&pp=ygUDaWtu","Ikn Terkini‼️Desain Gedung Nahdlatul Ulama Nusantara Indonesia | Tutorial Pakai Ai","Musliadi Arafah","https://www.youtube.com/@musliadiarafah","12K views","5 days ago",""
"https://www.youtube.com/watch?v=X-lItMJECpY&pp=ygUDaWtu","Segera Berkantor di IKN, Jokowi Terus Kawal Progres Pembangunan","JPNN.COM","https://www.youtube.com/@JPNNCOM11","9.3K views","5 days ago","Verified"
"https://www.youtube.com/shorts/5099gr481aQ","IKN ERA DUNIA ‼️Senja Ibu kota Negara penajam paser utara Kal-Tim😍😍🇮🇩🇮🇩🇮🇩","Travelling ikn","https://www.youtube.com/@Febri839","3.5K views","5 days ago",""
"https://www.youtube.com/watch?v=q2OwYWvH2IQ&pp=ygUDaWtu","TUNJANG IKN KM DHARMA KENCANA V RESMI BEROPERASI DI PELABUHAN DONGGALA","Info Dgl","https://www.youtube.com/@infodonggala-x7m","15K views","5 days ago",""
"https://www.youtube.com/watch?v=H75HMOzwQUk&pp=ygUDaWtu","IKN HARI INI persiapan satu jalur tol ikn menuju ibu kota nusantara #ikn #pace99","Pace99","https://www.youtube.com/@Pacepace99","18K views","5 days ago",""
"https://www.youtube.com/watch?v=3m3KGGAVaYY&pp=ygUDaWtu","Istana Wakil Presiden di IKN Segera Dibangun","Kompas.com","https://www.youtube.com/@kompascom","3.3K views","5 days ago","Verified"
"https://www.youtube.com/watch?v=GyeKC5xd8Ts&t=20s&pp=ygUDaWtu","IKN HARI INI‼️Jelang 17 Agustus 2024, Presiden Akan Monitoring Langsung Persiapan di Lapangan","BorneoTube","https://www.youtube.com/@BorneoTube","8.5K views","5 days ago",""
"https://www.youtube.com/shorts/TxNQlRY9NeA","Dampak Perpindahan Ibu Kota #facts #faktaunik #ikn #information","Tertawa Pintar","https://www.youtube.com/@TertawaPintar","2.4K views","5 days ago",""
"https://www.youtube.com/watch?v=IZV26qa-eJE&pp=ygUDaWtu","JEMBATAN SUMBU PEMERINTAHAN IKN DIGERUDUG 500 PEKERJA","Lilike","https://www.youtube.com/@Lilike506","20K views","5 days ago",""
"https://www.youtube.com/watch?v=MFFjsVK3EHk&pp=ygUDaWtu","Keinginan Presiden Jokowi Melaksanakan Upacara HUT RI ke-79 di IKN Terwujud","Roda Dunia","https://www.youtube.com/@RodaDunia","39K views","5 days ago",""
"https://www.youtube.com/shorts/ee8fBL6VEn4","UPDATE TERBARU! BIG PROJECT DI IKN","Railingku Project","https://www.youtube.com/@RailingkuProject","92K views","5 days ago",""
"https://www.youtube.com/watch?v=RePDeUJXQNE&pp=ygUDaWtu","Kondisi pemukiman Warga lokal di  sekitar kawasan pembangunan  IKN","Sefni Alat Berat","https://www.youtube.com/@sefnialatberat","16K views","5 days ago",""
"https://www.youtube.com/watch?v=1KPtIose4V4&pp=ygUDaWtu","IKN UPDATE !! RUANG ISTANA PRESIDEN WARNA EMAS, MEWAH SUPER KEREN","Sawit Kilo Lima","https://www.youtube.com/@sawitcabutan9536","28K views","5 days ago",""
"https://www.youtube.com/watch?v=pVcsGaVmGkY&pp=ygUDaWtu","MELIMPAH ‼️ Sumber Air di Ibu Kota Nusantara. Persiapan HUT RI Ke 79 di IKN","WPS Channel","https://www.youtube.com/@WPS_Channel","176K views","5 days ago","Verified"
"https://www.youtube.com/watch?v=1QmkHFWcIJA&pp=ygUDaWtu","IKN TERBARU‼️BURUNG GARUDA TERLIHAT GAGAH, LANJUTAN PEMBANGUNAN IKN, ANGGARAN APBN MENIPIS, UPDATE","ikhfa story","https://www.youtube.com/@ikhfastory","8.6K views","5 days ago",""
"https://www.youtube.com/shorts/oBbnXBpDcrc","Presiden Jokowi Singgung Rapat di IKN, Satgas: Furnitur Sudah Sampai","LENSA INDONESIA - RTV","https://www.youtube.com/@LENSAINDONESIARTV","3.1K views","5 days ago","Verified"
"https://www.youtube.com/watch?v=klac5JBPb5o&pp=ygUDaWtu","IKN Terkini!! Update Ujung Landasan Pacu Bandara VVIP IKN dan Duplikasi Jembatan Pulau Balang","Robie Mrg","https://www.youtube.com/@Robie_Mrg","78K views","5 days ago",""
"https://www.youtube.com/shorts/6W6g-vs19Sc","Jokowi Berkantor di IKN?","DW Indonesia","https://www.youtube.com/@DWIndonesia","3.5K views","5 days ago","Verified"
"https://www.youtube.com/shorts/jrx-SyjtCp0","#presidenjokowi belum ngantor di #ikn karena belum ada kursi","sekate new","https://www.youtube.com/@sekatenew","3.6K views","5 days ago",""
"https://www.youtube.com/shorts/FV3dqyK_aak","RESPON Jokowi Disinggung Jadwal Berkantor di IKN","Tribun MedanTV","https://www.youtube.com/@TribunMedanTV","6.4K views","5 days ago","Verified"
"https://www.youtube.com/watch?v=EZtsziJO2AQ&pp=ygUDaWtu","Ragam Alasan Jokowi Urung Ngantor di IKN: Tunggu Air, Tol, lalu Tunggu Apa Lagi?","Kompas.com","https://www.youtube.com/@kompascom","44K views","5 days ago","Verified"
"https://www.youtube.com/watch?v=rwo3cya-lxs&pp=ygUDaWtu","Duplikat Bendera Pusaka Tiba di IKN pada 10 Agustus 2024","Kompas.com","https://www.youtube.com/@kompascom","21K views","5 days ago","Verified"
"https://www.youtube.com/watch?v=m4D2aKaM5-8&pp=ygUDaWtu","Kata Jokowi soal Sidang Kabinet di IKN: Tunggu Fasilitas Siap","KOMPASTV","https://www.youtube.com/@kompastv","3.8K views","5 days ago","Verified"
"https://www.youtube.com/shorts/0RRFAF28Eas","Rencananya IKN mau dipasang jalan yang bisa ngecharge.. #ibukotanegara #facts #ikn #ibukotanegara","INFONESIA","https://www.youtube.com/@INEVSS","10K views","5 days ago",""
"https://www.youtube.com/shorts/xdRbURZ09NI","AMBISI POLITIK JOKOWI YANG TERLIHAT BODOH DAN NGAWUR #jokowi  #amienrais #iknnusantara #ikn","Amien Rais Official","https://www.youtube.com/@AmienRaisOfficial","3.8K views","5 days ago",""
"https://www.youtube.com/watch?v=jLi5xn1tQu4&pp=ygUDaWtu","APBN Untuk IKN menipis, Terus Pembangunan Pakai Dana Apa?","Bisniscom","https://www.youtube.com/@BisnisTV","4K views","5 days ago","Verified"
"https://www.youtube.com/watch?v=SBeibQHYpd8&pp=ygUDaWtu","Jokowi Akan Cek Kesiapan Fasilitas Sebelum Berkantor di IKN","CNN Indonesia","https://www.youtube.com/@CNNindonesiaOfficial","15K views","5 days ago","Verified"
"https://www.youtube.com/watch?v=auGxpTZsmiw&pp=ygUDaWtu","SERIUS! JOKOWI MAU RAPAT KABINET DI IKN. SAMBIL LESEHAN?","Hersubeno Point","https://www.youtube.com/@hersubenopoint6843","19K views","5 days ago","Verified"
"https://www.youtube.com/shorts/QT9Puiehges","🔴DIBALIK PEMBANGUNAN LUAR BIASA IKN ADA PEKERJA HEBAT #ikn #indonesiamaju #shorts","IndonesiaPedia","https://www.youtube.com/@IndonesiaPedia346","4.3K views","5 days ago",""
"https://www.youtube.com/shorts/Nia2poA27VY","Siapa yang mau tinggal di IKN? @milenz #laxuzstory","Laxuz Story","https://www.youtube.com/@LaxuzStory29","4K views","5 days ago",""
"https://www.youtube.com/watch?v=4DT1yONW2tY&pp=ygUDaWtu","Dampak Nyata IKN Nusantara Kaltim, Pedagang Warung Kelontong Laris Manis, Sepekan Untung Rp 10 Juta?","Tribun Kaltim Official","https://www.youtube.com/@tribunkaltimofficial","6K views","5 days ago","Verified"
"https://www.youtube.com/watch?v=4xrVPIBs1Qg&pp=ygUDaWtu","IKN Terbaru Hari ini‼️Update Patung Soekarno Hatta Mulai Dipasang - Memorial Park IKN Nusantara 🇮🇩","Indonesia Terbarukan 🇮🇩","https://www.youtube.com/@indonesiaterbarukan","39K views","5 days ago",""
"https://www.youtube.com/watch?v=mvi6ebvnhkE&pp=ygUDaWtu","IKN HARI INI‼️PANGGUNG UPACARA DIPASANG  IBU KOTA NEGARA ISTANA PRESIDEN NUSANTARA SUPLAI AIR SIAP","Pers Lokal","https://www.youtube.com/@perslokal1699","10K views","5 days ago",""
"https://www.youtube.com/watch?v=3e2L9z-THv4&pp=ygUDaWtu","IKN HARI INI‼️Ujicoba Penembakan Meriam Persiapan Detik-Detik Proklamasi 17 Agustus 2024","BorneoTube","https://www.youtube.com/@BorneoTube","36K views","5 days ago",""
"https://www.youtube.com/watch?v=kgpDbGbW0hs&t=17s&pp=ygUDaWtu","Update IKN  Hari Ini ‼️Penampakan Terkini Lapangan Upacara, Istana Negara Persiapan HUT RI di IKN","SARJANA PRAMUKA","https://www.youtube.com/@sarjanapramuka","11K views","5 days ago",""
"https://www.youtube.com/watch?v=pCMH_iT7Z8E&pp=ygUDaWtu","Mengenal Plaza Seremoni di IKN Nusantara, Tampung 8.000 Orang & Langsung Berhadapan Istana Presiden","Tribun Kaltim Official","https://www.youtube.com/@tribunkaltimofficial","5.7K views","5 days ago","Verified"
"https://www.youtube.com/shorts/6W6g-vs19Sc","Jokowi Berkantor di IKN?","DW Indonesia","https://www.youtube.com/@DWIndonesia","3.5K views","5 days ago","Verified"
"https://www.youtube.com/shorts/jrx-SyjtCp0","#presidenjokowi belum ngantor di #ikn karena belum ada kursi","sekate new","https://www.youtube.com/@sekatenew","3.6K views","5 days ago",""
"https://www.youtube.com/shorts/FV3dqyK_aak","RESPON Jokowi Disinggung Jadwal Berkantor di IKN","Tribun MedanTV","https://www.youtube.com/@TribunMedanTV","6.4K views","5 days ago","Verified"
"https://www.youtube.com/watch?v=EZtsziJO2AQ&pp=ygUDaWtu","Ragam Alasan Jokowi Urung Ngantor di IKN: Tunggu Air, Tol, lalu Tunggu Apa Lagi?","Kompas.com","https://www.youtube.com/@kompascom","44K views","5 days ago","Verified"
"https://www.youtube.com/watch?v=rwo3cya-lxs&pp=ygUDaWtu","Duplikat Bendera Pusaka Tiba di IKN pada 10 Agustus 2024","Kompas.com","https://www.youtube.com/@kompascom","21K views","5 days ago","Verified"
"https://www.youtube.com/watch?v=m4D2aKaM5-8&pp=ygUDaWtu","Kata Jokowi soal Sidang Kabinet di IKN: Tunggu Fasilitas Siap","KOMPASTV","https://www.youtube.com/@kompastv","3.8K views","5 days ago","Verified"
"https://www.youtube.com/shorts/0RRFAF28Eas","Rencananya IKN mau dipasang jalan yang bisa ngecharge.. #ibukotanegara #facts #ikn #ibukotanegara","INFONESIA","https://www.youtube.com/@INEVSS","10K views","5 days ago",""
"https://www.youtube.com/shorts/xdRbURZ09NI","AMBISI POLITIK JOKOWI YANG TERLIHAT BODOH DAN NGAWUR #jokowi  #amienrais #iknnusantara #ikn","Amien Rais Official","https://www.youtube.com/@AmienRaisOfficial","3.8K views","5 days ago",""
"https://www.youtube.com/watch?v=jLi5xn1tQu4&pp=ygUDaWtu","APBN Untuk IKN menipis, Terus Pembangunan Pakai Dana Apa?","Bisniscom","https://www.youtube.com/@BisnisTV","4K views","5 days ago","Verified"
"https://www.youtube.com/watch?v=SBeibQHYpd8&pp=ygUDaWtu","Jokowi Akan Cek Kesiapan Fasilitas Sebelum Berkantor di IKN","CNN Indonesia","https://www.youtube.com/@CNNindonesiaOfficial","15K views","5 days ago","Verified"
"https://www.youtube.com/watch?v=auGxpTZsmiw&pp=ygUDaWtu","SERIUS! JOKOWI MAU RAPAT KABINET DI IKN. SAMBIL LESEHAN?","Hersubeno Point","https://www.youtube.com/@hersubenopoint6843","19K views","5 days ago","Verified"
"https://www.youtube.com/shorts/QT9Puiehges","🔴DIBALIK PEMBANGUNAN LUAR BIASA IKN ADA PEKERJA HEBAT #ikn #indonesiamaju #shorts","IndonesiaPedia","https://www.youtube.com/@IndonesiaPedia346","4.3K views","5 days ago",""
"https://www.youtube.com/shorts/Nia2poA27VY","Siapa yang mau tinggal di IKN? @milenz #laxuzstory","Laxuz Story","https://www.youtube.com/@LaxuzStory29","4K views","5 days ago",""
"https://www.youtube.com/watch?v=4DT1yONW2tY&pp=ygUDaWtu","Dampak Nyata IKN Nusantara Kaltim, Pedagang Warung Kelontong Laris Manis, Sepekan Untung Rp 10 Juta?","Tribun Kaltim Official","https://www.youtube.com/@tribunkaltimofficial","6K views","5 days ago","Verified"
"https://www.youtube.com/watch?v=4xrVPIBs1Qg&pp=ygUDaWtu","IKN Terbaru Hari ini‼️Update Patung Soekarno Hatta Mulai Dipasang - Memorial Park IKN Nusantara 🇮🇩","Indonesia Terbarukan 🇮🇩","https://www.youtube.com/@indonesiaterbarukan","39K views","5 days ago",""
"https://www.youtube.com/watch?v=mvi6ebvnhkE&pp=ygUDaWtu","IKN HARI INI‼️PANGGUNG UPACARA DIPASANG  IBU KOTA NEGARA ISTANA PRESIDEN NUSANTARA SUPLAI AIR SIAP","Pers Lokal","https://www.youtube.com/@perslokal1699","10K views","5 days ago",""
"https://www.youtube.com/watch?v=3e2L9z-THv4&pp=ygUDaWtu","IKN HARI INI‼️Ujicoba Penembakan Meriam Persiapan Detik-Detik Proklamasi 17 Agustus 2024","BorneoTube","https://www.youtube.com/@BorneoTube","36K views","5 days ago",""
"https://www.youtube.com/watch?v=kgpDbGbW0hs&t=17s&pp=ygUDaWtu","Update IKN  Hari Ini ‼️Penampakan Terkini Lapangan Upacara, Istana Negara Persiapan HUT RI di IKN","SARJANA PRAMUKA","https://www.youtube.com/@sarjanapramuka","11K views","5 days ago",""
"https://www.youtube.com/watch?v=pCMH_iT7Z8E&pp=ygUDaWtu","Mengenal Plaza Seremoni di IKN Nusantara, Tampung 8.000 Orang & Langsung Berhadapan Istana Presiden","Tribun Kaltim Official","https://www.youtube.com/@tribunkaltimofficial","5.7K views","5 days ago","Verified"
"https://www.youtube.com/watch?v=bSOsgaZTATs&pp=ygUDaWtu","Persiapan Selesai, Presiden Jokowi Akan Berkantor di IKN - LIP 26/07","Lintas iNews","https://www.youtube.com/@LintasiNews","3K views","5 days ago",""
"https://www.youtube.com/watch?v=USE-LSbuLTM&pp=ygUDaWtu","Warung Kelontong Pinggir Jalan Proyek IKN Menjamur","Kompas.com","https://www.youtube.com/@kompascom","17K views","5 days ago",""
"https://www.youtube.com/watch?v=7VZDImi70us&pp=ygUDaWtu","HADEEHHH! SENSASI BARU JOKOWI. MAU RAPAT KABINET DI IKN. APALAGI INI MAKSUDNYA?","Rocky Gerung Official","https://www.youtube.com/@RockyGerungOfficial_2024","76K views","5 days ago",""
"https://www.youtube.com/watch?v=NplFG5J8x3U&pp=ygUDaWtu","IKN HARI INI‼️Sterilisasi Area Tamu VVIP dan Monitoring Lokasi HUT RI ISTANA PRESIDEN IKN🇮🇩🇮🇩🇮🇩","Travelling ikn","https://www.youtube.com/@Febri839","103K views","5 days ago",""
"https://www.youtube.com/watch?v=QO47mLFZZdQ&pp=ygUDaWtu","Istana Pastikan Presiden Jokowi Berkantor di IKN, Mulai 28 Juli 2024","Warta Kota Production","https://www.youtube.com/@WARTAKOTAPRODUCTION","30K views","5 days ago",""
"https://www.youtube.com/shorts/34PBSGadpgE","Jokowi: Cek Persiapan Sebelum Berkantor di IKN","CNN Indonesia","https://www.youtube.com/@CNNindonesiaOfficial","8.9K views","5 days ago",""
"https://www.youtube.com/watch?v=bSOsgaZTATs&pp=ygUDaWtu","Persiapan Selesai, Presiden Jokowi Akan Berkantor di IKN - LIP 26/07","Lintas iNews","https://www.youtube.com/@LintasiNews","3K views","5 days ago","Verified"
"https://www.youtube.com/watch?v=USE-LSbuLTM&pp=ygUDaWtu","Warung Kelontong Pinggir Jalan Proyek IKN Menjamur","Kompas.com","https://www.youtube.com/@kompascom","17K views","5 days ago","Verified"
"https://www.youtube.com/watch?v=7VZDImi70us&pp=ygUDaWtu","HADEEHHH! SENSASI BARU JOKOWI. MAU RAPAT KABINET DI IKN. APALAGI INI MAKSUDNYA?","Rocky Gerung Official","https://www.youtube.com/@RockyGerungOfficial_2024","76K views","5 days ago","Verified"
"https://www.youtube.com/watch?v=NplFG5J8x3U&pp=ygUDaWtu","IKN HARI INI‼️Sterilisasi Area Tamu VVIP dan Monitoring Lokasi HUT RI ISTANA PRESIDEN IKN🇮🇩🇮🇩🇮🇩","Travelling ikn","https://www.youtube.com/@Febri839","103K views","5 days ago",""
"https://www.youtube.com/watch?v=QO47mLFZZdQ&pp=ygUDaWtu","Istana Pastikan Presiden Jokowi Berkantor di IKN, Mulai 28 Juli 2024","Warta Kota Production","https://www.youtube.com/@WARTAKOTAPRODUCTION","30K views","5 days ago","Verified"
"https://www.youtube.com/shorts/34PBSGadpgE","Jokowi: Cek Persiapan Sebelum Berkantor di IKN","CNN Indonesia","https://www.youtube.com/@CNNindonesiaOfficial","8.9K views","5 days ago","Verified"
"https://www.youtube.com/shorts/otVleBeXN9U","PROYEK IKN","BASING CHANEL 01","https://www.youtube.com/@basingchanel8210","5.8K views","5 days ago",""
"https://www.youtube.com/watch?v=njyDxXWObVo&pp=ygUDaWtu","ISTANA PRESIDEN IKN NUSANTARA TERNYATA SANGAT MEGAH DAN MENAJUBKAN","NUSANTARA","https://www.youtube.com/@Ekosipil","4.7K views","5 days ago",""
"https://www.youtube.com/shorts/9aDdwAgxFDY","cantiknya IKN di malam hari.","Noy Be","https://www.youtube.com/@NoyEndut","491 views","5 days ago",""
"https://www.youtube.com/shorts/MiB3hylVtSg","Jokowi: Air Sudah Siap, tapi Masa Duduk Lesehan? #Shorts","Kompas.com","https://www.youtube.com/@kompascom","148K views","6 days ago","Verified"
"https://www.youtube.com/shorts/fGAQss0gIVw","Jokowi Tetapkan HGU IKN 190 Tahun, Masyarakat Sepaku Khawatir Memperparah Konflik Agraria #shorts","Sinau Saham","https://www.youtube.com/@Rindank77","27K views","6 days ago",""
"https://www.youtube.com/watch?v=b0plmNR-GCc&pp=ygUDaWtu","Sekitar ISTANA IKN  semangat💪 pekerja","Idhien Aja","https://www.youtube.com/@idhienaja4643","6.6K views","6 days ago",""
"https://www.youtube.com/watch?v=AnjqoFbajBo&pp=ygUDaWtu","Dikebut !! AKSES IKN Bandara VVIP 50% Lebih (Agustus Fungsional) | Tol 90% SEKSI 3A 3B 5A","On Road Indonesia","https://www.youtube.com/@OnRoadIndonesia","43K views","6 days ago",""
"","","","","","",""